1919.313
1918.567
1907.347
1903.955
1927.404
1931.228
1910.706
1910.536
1905.77
1921.111
1925.47
1913.428
1907.033
1909.281
1915.463
1916.828
1914.445
1896.585
1917.278
1923.24
1927.378
1913.029
1907.814
1910.129
1926.437
1921.51
1914.395
1908.077
1928.294
1935.842
1928.548
1922.926
1911.104
1911.113
1927.785
1929.447
1928.082
1914.581
1916.854
1911.791
1914.081
1906.592
1905.388
1906.092
1924.113
1929.473
1915.921
1910.434
1906.754
1911.986
1926.827
1923.732
1897.654
1913.674
1918.067
1933.331
1921.611
1911.901
1914.03
1927.387
1930.262
1925.631
1923.935
1926.42
1924.334
1938.759
1923.706
1920.399
1920.272
1949.622
1945.56
1942.346
1931.949
1931.932
1941.184
1939.149
1935.943
1915.989
1920.848
1927.505
1933.179
1922.095
1916.337
1923.706
1921.603
1920.085
1912.995
1903.2
1905.117
1919.161
1923.231
1926.462
1903.887
1910.884
1937.843
1947.519
1932.009
1910.884
1915.472
1935.664
1928.93
1919.356
1909.493
1922.714
1931.5
1938.03
1934.637
1927.107
1924.647
1931.635
1943.508
1928.099
1908.908
1915.624
1929.176
1937.037
1922.188
1914.013
1929.939
1933.934
1939.344
1928.455
1921.84
1920.831
1937.953
1941.066
1927.963
1916.871
1917.685
1920.636
1924.8
1914.522
1903.718
1911.274
1925.987
1940.998
1939.895
1935.214
1932.56
1950.36
1941.753
1941.871
1921.756
1934.12
1933.026
1938.759
1930.423
1917.057
1916.32
1932.034
1949.894
1933.315
1920.043
1926.411
1928.837
1946.307
1945.984
1932.882
1930.236
1941.854
1955.415
1948.52
1927.624
1929.99
1945.187
1954.702
1955.974
1930.482
1939.353
1945.331
1959.545
1942.881
1932.051
1936.206
1947.638
1953.914
1946.358
1930.83
1943.474
1945.56
1945.874
1937.75
1923.146
1929.015
1939.03
1938.047
1944.543
1937.487
1940.659
1940.964
1946.247
1940.252
1923.57
1919.178
1947.027
1928.786
1943.008
1924.037
1931.652
1932.712
1941.905
1935.672
1922.977
1931.542
1940.235
1956.687
1938.589
1932.636
1941.897
1951.115
1947.129
1939.989
1929.21
1925.657
1931.813
1940.252
1930.355
1918.779
1921.917
1935.765
1942.211
1934.519
1922.731
1928.735
1930.507
1953.685
1943.093
1928.786
1925.97
1934.069
1945.094
1935.121
1929.049
1931.457
1942.032
1940.981
1928.15
1920.679
1921.035
1932.543
1937.852
1945.035
1923.952
1926.411
1944.653
1960.333
1936.367
1919.644
1936.3
1937.673
1946.129
1945.823
1931.22
1932.017
1936.91
1942.015
1934.705
1932.305
1918.974
1925.224
1928.26
1929.473
1911.791
1916.235
1925.021
1927.633
1930.618
1920.848
1920.119
1933.9
1933.662
1931.618
1925.936
1917.88
1939.929
1948.673
1939.446
1913.224
1920.526
1927.794
1927.115
1931.491
1913.173
1916.142
1925.199
1917.091
1913.012
1894.559
1910.095
1919.313
1927.904
1921.026
1917.905
1916.845
1930.219
1934.731
1927.65
1912.597
1914.14
1929.337
1932.789
1928.888
1917.558
1932.526
1923.935
1919.025
1920.102
1913.182
1926.182
1950.182
1933.204
1921.535
1913.954
1914.242
1928.184
1933.213
1935.265
1920.433
1912.961
1926.522
1928.116
1925.046
1929.142
1925.843
1931.025
1925.097
1904.396
1901.971
1902.454
1923.621
1935.231
1933.637
1922.426
1933.628
1938.734
1947.061
1938.971
1916.684
1923.486
1925.283
1936.461
1927.599
1910.477
1913.394
1916.252
1923.621
1926.335
1908.857
1916.574
1920.874
1923.291
1929.583
1922.663
1929.566
1938.538
1951.709
1933.399
1920.992
1920.78
1937.368
1941.439
1935.748
1922.468
1921.501
1926.785
1934.79
1928.006
1919.288
1916.328
1920.602
1929.04
1923.842
1913.775
1922.536
1942.965
1950.343
1951.955
1926.047
1933.179
1948.24
1949.444
1934.23
1920.611
1922.51
1932.543
1930.931
1934.256
1907.72
1909.467
1925.572
1929.736
1917.778
1908.704
1897.917
1922.985
1936.071
1927.794
1923.096
1923.816
1935.808
1938.106
1938.343
1925.275
1917.736
1936.571
1934.705
1934.213
1915.031
1913.504
1926.479
1931.262
1922.298
1919.576
1919.423
1926.869
1941.625
1935.316
1931.406
1940.955
1949.139
1945.552
1938.683
1929.956
1933.255
1945.501
1952.048
1930.898
1927.556
1922.443
1932.305
1937.86
1944.136
1918.245
1918.202
1925.962
1936.758
1936.037
1931.695
1930.1
1926.267
1927.073
1936.3
1932.297
1936.52
1940.896
1933.628
1924.546
1910.494
1913.725
1922.264
1946.96
1937.97
1914.123
1899.147
1911.325
1935.808
1920.763
1918.194
1919.839
1925.029
1939.141
1930.033
1919.737
1905.744
1923.596
1930.635
1930.719
1920.204
1904.744
1933.111
1926.768
1918.957
1908.077
1905.108
1922.9
1932.78
1930.745
1920.916
1929.049
1934.866
1940.353
1933.399
1930.295
1912.893
1929.354
1943.898
1945.798
1928.362
1926.208
1949.063
1940.625
1927.743
1916.557
1922.214
1921.739
1935.265
1932.975
1922.748
1925.055
1932.492
1938.708
1926.539
1925.979
1909.9
1935.265
1935.104
1929.1
1921.594
1918.262
1936.868
1952.523
1921.671
1905.778
1907.958
1928.014
1946.349
1944.89
1918.592
1915.319
1918.016
1926.649
1917.744
1916.421
1922.417
1925.105
1937.741
1928.413
1914.819
1924.63
1924.147
1927.59
1922.29
1912.673
1910.341
1922.765
1926.827
1928.235
1907.39
1905.956
1918.618
1940.659
1920.5
1902.92
1897.052
1910.706
1931.11
1925.512
1922.68
1922.129
1922.748
1928.43
1918.982
1913.801
1913.996
1939.191
1936.817
1935.46
1925.233
1927.039
1927.454
1937.02
1929.939
1910.298
1911.944
1916.252
1929.337
1932.89
1919.61
1913.012
1922.646
1939.022
1944.661
1927.378
1921.145
1931.864
1935.316
1933.06
1924.52
1907.5
1917.795
1931.16
1933.679
1914.183
1907.407
1913.826
1920
1930.838
1909.747
1907.949
1926.411
1924.011
1922.273
1916.209
1909.662
1925.292
1927.879
1924.868
1908.568
1909.959
1913.962
1947.901
1938.021
1924.826
1910.621
1930.304
1923.952
1908.034
1906.516
1896.874
1905.914
1933.654
1925.699
1921.739
1914.454
1928.523
1951.302
1937.826
1920.628
1928.845
1947.553
1951.861
1936.393
1929.838
1925.801
1935.231
1933.272
1930.202
1915.285
1918.041
1937.114
1938.801
1936.579
1920.288
1926.852
1929.405
1935.876
1935.477
1923.248
1922.604
1933.637
1939.87
1931.127
1928.667
1926.276
1934.485
1938.996
1924.512
1908.407
1902.759
1918.474
1923.91
1926.708
1924.885
1918.389
1937.665
1947.002
1937.97
1936.469
1920.144
1935.333
1933.196
1929.71
1928.684
1930.431
1926.437
1935.85
1935.07
1906.686
1898.222
1916.158
1926.827
1929.99
1920.568
1915.438
1923.52
1934.807
1939.005
1927.09
1926.886
1932.085
1944.102
1938.963
1927.242
1927.209
1926.742
1946.273
1941.727
1933.408
1933.425
1933.408
1940.311
1928.43
1919.11
1909.145
1928.998
1944.042
1940.302
1925.029
1930.389
1939.717
1938.818
1932.492
1927.378
1921.306
1936.554
1941.235
1938.717
1928.956
1924.927
1941.422
1942.821
1930.524
1924.402
1915.31
1923.333
1928.557
1940.396
1923.791
1920.272
1948.257
1955.338
1951.446
1933.119
1925.334
1932.119
1937.122
1942.202
1921.637
1919.211
1935.452
1943.347
1937.292
1920.823
1911.944
1912.452
1924.563
1925.555
1924.707
1914.997
1928.956
1946.815
1943.695
1935.045
1917.6
1925.411
1954.015
1949.309
1918.72
1913.343
1934.408
1928.141
1926.327
1941.091
1925.572
1928.328
1938.996
1925.801
1920.848
1918.236
1921.086
1934.205
1933.84
1936.452
1920.925
1931.093
1941.083
1933.857
1925.928
1923.63
1935.859
1943.076
1938.233
1922.799
1925.419
1934.4
1936.266
1938.547
1920.255
1921.204
1933.077
1944.432
1936.775
1924.215
1928.082
1939.946
1950.784
1937.97
1924.741
1919.788
1926.377
1923.358
1928.15
1926.564
1911.282
1914.573
1917.397
1924.393
1914.776
1906.94
1919.847
1920.407
1925.589
1913.784
1919.178
1932.339
1939.861
1942.889
1937.936
1919.042
1926.488
1944.856
1935.384
1921.552
1912.732
1920.645
1930.194
1933.17
1921.756
1917.507
1925.92
1935.452
1928.319
1927.378
1919.771
1929.965
1935.977
1929.744
1915.972
1913.775
1924.826
1940.955
1934.782
1937.232
1919.279
1926.293
1939.802
1940.184
1924.189
1923.808
1931.076
1927.505
1926.25
1925.631
1927.014
1930.923
1935.977
1939.768
1920.272
1922.824
1938.522
1953.464
1945.416
1943.856
1931.508
1933.086
1934.408
1935.901
1925.64
1921.73
1929.456
1932.305
1930.982
1911.409
1902.802
1917.431
1926.157
1925.012
1918.821
1904.744
1918.067
1937.461
1935.435
1932.416
1926.072
1934.069
1938.538
1942.719
1921.773
1914.208
1916.973
1925.724
1936.283
1921.399
1915.149
1924.181
1935.443
1937.173
1909.747
1912.071
1927.65
1940.353
1943.008
1926.929
1921.196
1933.603
1939.802
1932.602
1914.81
1909.747
1920.314
1928.972
1921.315
1914.166
1905.711
1918.864
1937.563
1939.751
1926.556
1908.068
1924.3
1937.953
1934.18
1939.751
1928.286
1934.79
1949.682
1944.568
1946.815
1922.052
1929.278
1927.819
1925.529
1914.344
1898.587
1920.127
1931.525
1929.982
1914.819
1906.058
1924.936
1933.51
1937.292
1919.127
1916.014
1931.279
1937.835
1942.889
1932.144
1933.357
1947.239
1948.155
1947.545
1934.646
1914.64
1926.072
1953.388
1939.454
1922.349
1916.294
1927.895
1935.714
1941.015
1921.306
1919.729
1930.414
1949.198
1952.116
1943.873
1929.897
1937.945
1954.711
1940.693
1931.296
1932.212
1927.463
1948.995
1943.347
1940.565
1928.599
1933.603
1947.655
1935.782
1926.225
1919.992
1938.352
1946.654
1943.805
1926.352
1926.165
1936.181
1946.688
1963.768
1944.297
1923.469
1940.353
1945.382
1945.62
1941.863
1938.454
1938.335
1946.917
1944.059
1937.996
1929.532
1934.01
1957.433
1955.025
1937.232
1934.213
1949.402
1963.293
1952.845
1946.162
1936.3
1952.014
1963.895
1952.294
1927.2
1932.526
1938.649
1949.046
1940.413
1923.825
1920.602
1922.739
1932.509
1929.473
1924.809
1914.513
1919.245
1934.951
1932.39
1919.958
1916.65
1931.576
1947.808
1939.387
1931.754
1924.859
1944.051
1952.26
1944.729
1938.471
1926.581
1937.953
1948.308
1937.775
1916.684
1906.737
1924.257
1941.583
1944
1944.763
1935.748
1942.015
1952.93
1950.615
1931.856
1927.862
1940.319
1938.852
1949.818
1932.729
1923.358
1928.548
1942.897
1932.5
1936.461
1927.098
1924.546
1925.224
1934.392
1921.985
1915.743
1929.117
1946.765
1957.967
1940.073
1915.641
1921.688
1938.784
1930.194
1919.737
1916.93
1923.24
1942.567
1941.295
1943.109
1929.897
1933.611
1940.837
1933.654
1924.02
1914.946
1935.952
1950.64
1948.978
1940.201
1929.473
1933.238
1934.273
1937.343
1919.602
1916.659
1929.541
1936.792
1941.193
1933.459
1934.01
1934.349
1917.787
1919.534
1911.197
1923.545
1904.778
1923.715
1922.468
1917.676
1918.754
1916.481
1932.246
1944.5
1938.191
1927.912
1930.855
1938.547
1939.208
1933.772
1919.059
1930.295
1933.357
1931.559
1923.426
1910.57
1908.602
1930.499
1934.536
1926.946
1910.349
1924.546
1932.093
1936.232
1932.059
1920.009
1928.769
1947.935
1933.874
1927.327
1923.146
1925.708
1930.066
1937.58
1923.045
1915.056
1926.725
1925.411
1943.016
1930.423
1925.86
1928.532
1939.828
1934.578
1916.082
1919.161
1934.112
1943.652
1939.522
1923.638
1913.597
1924.418
1926.861
1935.019
1916.031
1907.474
1918.558
1930.558
1937.165
1923.062
1917.676
1920.492
1932.059
1931.915
1926.657
1912.961
1914.522
1935.723
1955.313
1939.844
1930.287
1931.313
1935.647
1940.506
1928.091
1921.289
1915.582
1938.064
1929.719
1923.324
1915.234
1912.715
1923.214
1938.03
1935.825
1927.073
1934.027
1950.182
1952.421
1945.738
1939.717
1935.307
1953.32
1944.704
1934.239
1917.558
1928.744
1918.889
1923.079
1915.963
1901.47
1894.788
1912.478
1924.028
1912.877
1922.756
1916.167
1926.649
1928.421
1920.755
1920.119
1926.182
1938.929
1936.859
1930.719
1934.561
1932.628
1935.078
1935.774
1926.411
1911.096
1907.212
1922.867
1935.045
1915.344
1911.359
1932.305
1926.242
1927.734
1931.534
1926.225
1925.021
1924.563
1935.706
1919.763
1913.012
1919.186
1938.047
1946.883
1931.44
1909.976
1917.329
1930.66
1934.001
1925.792
1917.761
1930.745
