1885.34
1873.179
1874.655
1887.215
1885.222
1887.367
1883.704
1894.83
1897.162
1885.476
1866.751
1865.903
1876.478
1878.785
1881.321
1869.151
1873.001
1895.084
1898.782
1886.579
1880.54
1884.289
1900.241
1911.757
1899.257
1888.843
1906.092
1912.554
1915.997
1893.634
1865.827
1872.374
1893.27
1892.795
1886.587
1879.913
1882.839
1903.523
1895.161
1885.595
1891.328
1889.742
1897.925
1914.115
1912.597
1888.046
1886.112
1900.834
1906.559
1906.55
1895.407
1892.193
1906.347
1904.871
1914.106
1883.941
1895.559
1909.535
1913.063
1893.431
1881.753
1878.514
1901.241
1892.837
1885.527
1883.797
1877.589
1881.278
1887.952
1878.437
1873.035
1873.239
1889.547
1895.33
1889.835
1872.145
1886.417
1895.356
1909.425
1892.591
1880.379
1879.158
1890.997
1904.913
1906.643
1891.455
1880.176
1895.288
1915.845
1903.989
1895.636
1892.345
1899.528
1911.918
1909.891
1910.587
1906.016
1908.289
1912.207
1905.889
1890.853
1890.776
1906.711
1914.759
1893.202
1871.271
1878.234
1891.489
1902.005
1894.508
1885.68
1891.497
1907.848
1916.854
1908.026
1901.419
1892.625
1910.18
1914.912
1895.983
1881.787
1887.316
1908.441
1903.463
1894.211
1887.842
1883.483
1901.945
1908.568
1899.986
1887.393
1887.164
1899.766
1904.973
1893.422
1883.483
1891.947
1899.528
1907.771
1902.92
1883.712
1890.072
1896.73
1890.064
1887.562
1877.852
1875.325
1884.179
1900.961
1893.923
1883.907
1872.077
1891.574
1899.265
1888.75
1871.602
1877.903
1879.022
1901.072
1890.802
1885.586
1886.256
1884.874
1894.398
1886.638
1879.217
1886.468
1896.857
1893.142
1901.021
1885.23
1888.419
1900.868
1906.737
1901.326
1892.184
1887.223
1891.54
1900.665
1892.71
1873.815
1859.399
1877.021
1891.887
1883.356
1871.22
1888.665
1897.934
1891.056
1881.838
1871.186
1874.969
1880.337
1899.8
1879.26
1871.95
1877.038
1893.626
1893.711
1883.373
1876.512
1881.244
1902.547
1897.976
1902.513
1881.762
1882.593
1897.663
1907.788
1904.625
1891.336
1885.018
1901.343
1901.199
1900.444
1890.717
1881.957
1895.212
1894.542
1899.41
1876.41
1883.729
1898.799
1901.581
1893.346
1886.765
1890.352
1915.929
1921.026
1898.468
1872.967
1889.971
1905.007
1903.599
1895.398
1888.665
1885.357
1890.437
1894.296
1888.639
1891.099
1889.877
1905.651
1909.993
1916.201
1903.709
1902.768
1915.913
1941.269
1917.066
1911.477
1905.855
1908.11
1901.055
1901.216
1898.621
1894.889
1908.119
1897.451
1886.858
1880.608
1884.789
1889.665
1901.301
1907.941
1893.108
1888.215
1899.783
1913.038
1923.664
1895.797
1901.038
1908.619
1914.488
1904.515
1893.321
1899.486
1901.809
1917.931
1895.305
1879.192
1885.137
1901.258
1901.173
1891.217
1887.401
1879.192
1897.595
1896.645
1903.641
1885.485
1878.234
1890.836
1907.398
1899.223
1886.443
1881.685
1902.878
1905.405
1901.716
1893.702
1890.887
1906.949
1908.068
1899.867
1894.262
1883.831
1897.764
1912.877
1908.984
1896.933
1887.291
1903.022
1910.901
1896.84
1879.989
1878.386
1894.643
1896.128
1888.368
1884.424
1877.555
1896.382
1904.735
1912.639
1891.853
1897.917
1892.193
1909.425
1908.026
1888.817
1881.668
1884.314
1894.881
1884.721
1877.386
1877.894
1894.932
1902.318
1894.864
1886.273
1886.468
1890.844
1897.705
1905.66
1898.027
1887.079
1902.03
1911.214
1914.259
1902.14
1884.306
1899.426
1902.471
1884.331
1876.232
1869.058
1888.113
1896.467
1889.971
1876.232
1879.752
1894.898
1899.257
1887.8
1888.427
1879.845
1890.327
1899.393
1893.168
1881.507
1880.388
1893.108
1900.071
1898.884
1877.801
1876.029
1884.085
1887.808
1888.868
1884.865
1877.267
1891.76
1901.131
1904.498
1891.073
1894.643
1902.785
1904.981
1901.199
1888.563
1880.269
1897.213
1901.971
1893.295
1889.377
1891.243
1902.081
1907.932
1899.291
1893.236
1891.523
1908.492
1911.214
1910.281
1895.161
1884.789
1907.449
1913.657
1894.991
1886.129
1883.39
1899.723
1902.556
1897.018
1880.21
1891.726
1885.603
1902.785
1901.971
1893.829
1876.563
1887.554
1909.841
1904.413
1903.768
1896.323
1900.537
1902.556
1892.303
1868.541
1868.727
1879.396
1889.954
1894.779
1891.243
1884.933
1881.507
1896.263
1886.562
1884.891
1894.881
1904.057
1910.265
1909.433
1894.33
1884.806
1904.642
1914.132
1902.853
1883.135
1888.716
1899.045
1902.615
1899.961
1892.108
1906.567
1909.298
1906.847
1900.826
1891.09
1898.511
1898.231
1919.568
1915.505
1905.091
1897.4
1900.851
1914.997
1904.744
1896.535
1897.841
1900.953
1908.763
1913.385
1906.669
1908.755
1924.91
1929.702
1933.823
1917.498
1915.2
1916.896
1916.158
1920.136
1901.479
1885.917
1900.164
1896.111
1893.168
1891.743
1883.186
1896.526
1908.975
1901.097
1900.944
1880.574
1890.251
1906.804
1904.184
1896.764
1894.813
1908.399
1906.355
1905.041
1890.929
1888.563
1889.86
1899.884
1892.566
1884.145
1877.165
1891.141
1898.299
1876.487
1880.142
1886.587
1904.862
1910.027
1903.531
1901.301
1904.744
1910.248
1902.157
1911.46
1882.525
1877.309
1881.1
1901.886
1887.673
1885.688
1874.053
1897.908
1901.996
1898.536
1889.877
1890.81
1898.765
1907.508
1908.925
1904.82
1904.735
1892.735
1898.002
1893.634
1875.944
1880.956
1888.13
1895.415
1891.743
1889.377
1877.92
1889.538
1899.028
1891.243
1898.18
1890.208
1909.213
1900.241
1902.53
1889.284
1886.553
1896.755
1902.895
1898.316
1892.896
1884.577
1885.739
1888.444
1888.597
1880.473
1876.945
1891.251
1907.101
1898.578
1895.72
1883.169
1898.689
1896.916
1897.162
1905.473
1890.344
1892.608
1895.229
1901.487
1880.54
1876.589
1887.528
1897.188
1896.543
1885.79
1881.329
1888.953
1886.799
1890.607
1880.15
1875.35
1895.958
1912.436
1889.81
1890.641
1883.517
1883.5
1905.558
1896.662
1885.357
1884.976
1897.374
1905.558
1894.041
1885.111
1878.709
1898.824
1898.239
1893.99
1894.923
1894.007
1894.627
1907.093
1902.14
1899.393
1893.083
1908.339
1905.456
1900.156
1888.402
1889.445
1898.918
1899.571
1889.623
1877.784
1876.563
1875.495
1900.766
1891.319
1882.627
1896.696
1904.837
1905.498
1902.132
1893.736
1883.551
1897.035
1906.66
1902.081
1893.27
1898.96
1893.516
1909.06
1909.645
1884.179
1882.957
1897.696
1908.348
1910.485
1902.946
1892.057
1899.605
1913.156
1902.615
1893.058
1878.861
1886.884
1900.012
1885.756
1886.485
1877.572
1882.694
1903.319
1901.504
1891.234
1859.551
1870.745
1896.611
1888.283
1887.825
1879.913
1888.571
1898.171
1890.692
1888.071
1875.528
1876.368
1891.277
1886.112
1879.429
1878.624
1884.832
1897.035
1900.198
1891.913
1879.362
1897.188
1902.725
1893.253
1879.209
1874.104
1895.161
1905.651
1891.328
1882.796
1880.803
1890.725
1893.957
1892.803
1892.888
1885.374
1888.936
1903.497
1891.378
1882.499
1890.2
1903.667
1908.212
1901.462
1888.733
1886.154
1898.595
1911.52
1915.209
1896.713
1884.781
1884.984
1898.485
1906.465
1899.638
1893.388
1908.39
1907.364
1920.017
1890.717
1886.214
1895.356
1910.154
1903.344
1898.68
1888.817
1889.555
1898.629
1895.22
1894.813
1888.724
1900.41
1913.657
1910.892
1887.74
1891.438
1884.56
1903.675
1898.714
1889.911
1890.106
1906.406
1910.307
1901.496
1893.634
1874.63
1883.551
1891.896
1888.19
1874.35
1877.496
1886.434
1908.306
1899.367
1901.114
1888.563
1905.388
1908.034
1909.908
1901.75
1888.147
1900.283
1911.138
1907.161
1901.368
1893.448
1895.653
1916.795
1910.214
1895.237
1887.774
1893.558
1919.39
1910.706
1892.752
1879.2
1893.321
1907.814
1914.411
1901.335
1885.12
1890.208
1912.826
1907.178
1891.981
1885.069
1895.737
1916.438
1901.326
1889.504
1883.865
1901.623
1915.929
1909.493
1899.494
1891.226
1896.891
1912.614
1915.633
1905.21
1896.67
1909.696
1916.913
1913.589
1901.784
1898.137
1901.665
1915.2
1907.737
1891.921
1891.565
1903.387
1927.158
1917.337
1902.225
1899.282
1906.253
1921.374
1915.37
1912.902
1901.36
1903.022
1918.754
1922.078
1892.031
1881.346
1892.82
1905.982
1912.376
1900.911
1900.503
1906.372
1913.682
1907.932
1895.67
1895.72
1899.265
1924.656
1912.071
1903.743
1898.29
1899.579
1913.063
1911.715
1893.583
1881.626
1893.651
1909.171
1909.213
1898.511
1889.419
1896.475
1911.859
1911.452
1901.682
1883.229
1897.951
1911.248
1909.705
1891.726
1876.733
1898.341
1916.337
1912.045
1885.298
1877.055
1886.884
1908.322
1902.912
1900.054
1891.116
1901.402
1911.443
1911.52
1895.296
1886.858
1900.325
1911.333
1918.389
1904.54
1891.378
1907.084
1900.334
1904.761
1895.805
1891.073
1891.667
1908.119
1909.968
1892.735
1877.318
1883.33
1898.417
1901.233
1907.61
1896.221
1901.521
1918.762
1901.784
1888.75
1887.062
1885.527
1895.899
1897.535
1890.607
1887.706
1896.925
1911.995
1902.267
1896.823
1883.432
1890.352
1904.82
1908.085
1899.545
1893.295
1893.719
1905.761
1913.233
1902.471
1885.985
1895.067
1916.006
1911.774
1895.288
1885.323
1890.395
1894.703
1895.805
1892.133
1894.482
1911.986
1912.325
1906.686
1886.095
1884.967
1896.874
1919.093
1916.125
1895.593
1884.391
1885.154
1902.412
1897.332
1895.22
1893.066
1887.757
1904.659
1897.043
1889.106
1887.995
1900.885
1918.253
1917.286
1911.104
1905.643
1904.676
1909.561
1910.358
1890.988
1879.574
1888.08
1905.948
1908.619
1899.706
1886.417
1896.492
1916.091
1898.765
1897.544
1891.777
1907.305
1907.356
1902.479
1897.51
1893.516
1904.735
1910.57
1911.189
1894.542
1887.596
1899.401
1916.311
1909.603
1904.099
1879.065
1896.585
1911.121
1914.437
1904.498
1906.745
1913.742
1921.976
1922.281
1914.819
1894.66
1895.916
1906.321
1913.665
1910.171
1905.422
1906.296
1913.691
1919.754
1909.739
1889.191
1904.583
1913.309
1921.408
1914.912
1907.466
1911.367
1923.579
1926.598
1908
1901.479
1906.898
1915.531
1918.075
1904.277
1905.948
1910.96
1919.559
1925.224
1917.448
1901.996
1902.573
1924.342
1920.517
1909.841
1922.044
1920.653
1937.343
1931.534
1909.832
1906.559
1903.599
1905.982
1909.128
1899.766
1901.75
1908.899
1918.609
1917.863
1900.537
1899.681
1899.554
1909.188
1911.172
1912.529
1912.927
1908.424
1909.103
1906.609
1900.427
1893.405
1898.383
1907.441
1886.502
1890.632
1898.799
1891.489
1913.114
1917.507
1900.834
1885.23
1888.368
1913.996
1920.746
1918.821
1898.426
1912.469
1923.833
1916.37
1902.098
1901.411
1895.483
1914.395
1917.524
1899.85
1892.43
1891.056
1899.299
1898.12
1886.273
1887.494
1893.227
1909.968
1919.254
1900.495
1902.878
1904.506
1913.733
1908.594
1889.75
1881.482
1896.034
1917.074
1921.781
1905.982
1895.339
1901.14
1920.696
1913.301
1900.241
1903.429
1908.212
1918.677
1920.017
1914.717
1904.93
1907.619
1915.064
1917.159
1909.315
1896.017
1901.674
1911.672
1906.024
1900.817
1892.074
1898.74
1912.503
1912.987
1896.17
1901.742
1906.177
1909.705
1905.744
1905.711
1894.135
1896.238
1901.097
1914.267
1903.192
1900.656
1904.71
1918.177
1944.076
1932.577
1919.941
1924.987
1919.101
1922.926
1923.782
1909.841
1906.694
1928.294
1925.19
1912.486
1903.463
1906.253
1918.448
1909.934
1910.782
1896.407
1912.436
1910.409
1915.497
1907.229
1904.167
1907.39
1907.72
1919.686
1909.628
1902.276
1904.701
1914.428
1920.356
1912.334
1904.074
1902.742
1917.668
1916.684
1910.951
1900.656
1911.452
1916.311
1919.135
1920.848
1912.079
1908.662
1921.272
1915.226
1917.464
1916.472
1932.483
1926.411
1927.107
1906.406
1893.889
1896.39
1906.287
1909.493
1896.747
1889.996
1896.009
1900.368
1921.917
1912.113
1903.277
1895.101
1908.78
1919.686
1904.574
1891.938
1907.932
1908.865
1921.45
1904.176
1904.235
1897.094
1908.636
1903.158
1894.576
1895.025
1902.471
1914.191
1925.614
1905.422
1898.952
1909.009
1921.12
1932.11
1912.062
1904.744
1911.706
1916.498
1931.025
1918.465
1906.872
1904.778
1919.559
1917.939
1893.439
1897.366
1894.813
1908.959
1917.202
1900.41
1897.671
1890.505
1903.183
1908.407
