1930.974
1937.597
1944.755
1931.372
1920.407
1919.542
1930.83
1941.617
1927.556
1916.956
1932.059
1947.647
1934.137
1932.611
1922.587
1929.354
1925.445
1950.572
1932.102
1931.618
1933.459
1945.484
1953.244
1937.139
1915.717
1927.794
1938.114
1928.269
1926.564
1918.55
1914.759
1938.632
1941.77
1933.086
1930.669
1951.005
1954.422
1953.278
1937.606
1922.417
1922.12
1934.748
1948.461
1940.311
1932.297
1938.657
1945.085
1957.501
1935.138
1919.652
1926.233
1934.095
1945.925
1943.983
1936.206
1932.424
1949.673
1958.188
1946.79
1932.772
1944.806
1949.478
1945.187
1940.379
1928.599
1937.563
1950.165
1956.755
1964.421
1946.459
1951.607
1955.745
1967.813
1960.418
1940.879
1945.84
1958.561
1961.3
1934.095
1927.192
1931.813
1938.649
1962.394
1937.461
1934.654
1934.917
1955.898
1966.168
1953.507
1931.466
1940.099
1947.392
1949.563
1942.194
1936.02
1932.848
1955.499
1941.083
1939.005
1930.236
1936.919
1950.979
1951.692
1943.627
1945.433
1939.751
1951.369
1958.586
1950.793
1947.163
1951.641
1946.731
1951.081
1948.418
1937.826
1941.897
1953.337
1961.41
1940.362
1926.886
1937.02
1957.492
1955.957
1938.971
1929.159
1942.295
1943.321
1941.532
1935.112
1914.344
1918.448
1922.231
1938.369
1932.042
1924.011
1935.613
1946.095
1951.208
1941.685
1926.327
1929.88
1941.405
1933.645
1918.194
1911.469
1917.744
1926.462
1931.72
1921.153
1923.231
1934.612
1943.703
1941.362
1933.603
1927.124
1914.7
1929.125
1921.518
1928.939
1922.85
1933.23
1937.775
1954.126
1938.199
1921.891
1929.778
1942.406
1949.08
1934.824
1925.479
1930.838
1943.449
1947.926
1935.452
1912.8
1927.76
1935.172
1941.659
1922.502
1908.687
1905.914
1936.122
1933.416
1928.43
1930.236
1924.232
1930.796
1945.264
1946.205
1926.861
1931.746
1955.618
1945.832
1943.813
1934.018
1942.312
1939.921
1939.2
1926.835
1922.086
1929.201
1941.541
1947.943
1938.623
1914.819
1923.443
1943.5
1952.506
1942.609
1921.23
1935.189
1937.114
1938.114
1918.703
1901.928
1924.469
1936.503
1933.696
1925.657
1921.756
1922.968
1939.505
1954.533
1940.709
1937.054
1933.798
1943.847
1946.4
1940.514
1933.315
1929.592
1935.18
1935.333
1925.767
1916.515
1916.243
1930.457
1934.103
1923.121
1925.148
1926.004
1935.07
1930.669
1936.384
1924.817
1921.391
1928.82
1937.614
1943.423
1929.354
1931.254
1940.862
1942.117
1937.097
1917.6
1924.783
1927.666
1926.14
1923.791
1920.127
1922.188
1942.355
1954.066
1939.471
1927.904
1930.584
1960.427
1961.979
1948.825
1950.386
1939.378
1961.588
1955.635
1958.417
1944.517
1927.531
1935.969
1944.721
1951.726
1924.402
1923.248
1932.534
1946.62
1944.119
1927.683
1936.512
1953.888
1956.509
1950.225
1942.923
1941.88
1946.536
1950.42
1944.67
1925.046
1935.613
1947.333
1958.807
1953.752
1935.604
1937.097
1935.926
1952.608
1938.759
1932.204
1928.235
1943.228
1968.534
1958.188
1943.177
1948.147
1959.316
1953.905
1949.673
1930.83
1927.819
1920.874
1935.765
1931.33
1915.565
1924.537
1931.525
1939.692
1925.495
1925.809
1922.29
1958.408
1950.199
1931.771
1933.705
1922.027
1932.051
1952.218
1940.616
1927.454
1924.113
1929.312
1940.777
1944.365
1921.976
1928.786
1942.448
1948.902
1951.946
1939.319
1928.989
1946.739
1956.916
1946.968
1942.872
1946.663
1963.454
1945.908
1954.185
1927.175
1928.659
1935.138
1956.492
1962.911
1934.476
1926.132
1950.454
1953.939
1955.245
1942.44
1944.67
1951.963
1953.693
1960.325
1938.36
1939.505
1957.391
1955.898
1944.339
1939.09
1936.079
1940.379
1953.744
1950.394
1939.276
1933.306
1956.398
1949.385
1943.864
1940.201
1928.642
1944.729
1953.846
1947.926
1946.425
1940.845
1941.108
1957.28
1952.497
1942.1
1927.412
1942.278
1958.79
1945.035
1942.092
1940.709
1955.126
1964.065
1958.849
1943.483
1944.466
1952.175
1958.273
1957.28
1932.916
1928.184
1947.579
1957.289
1947.926
1936.071
1922.646
1947.146
1957.043
1958.815
1938.276
1939.785
1930.194
1942.779
1942.083
1934.086
1936.206
1945.823
1963.632
1951.929
1933.094
1920.975
1941.693
1955.907
1954.253
1933.416
1921.255
1943.762
1948.266
1936.512
1929.447
1934.739
1928.421
1950.784
1938.242
1932.924
1922.57
1937.258
1946.281
1930.346
1917.507
1923.138
1930.779
1942.202
1949.394
1925.657
1937.826
1953.184
1956.432
1944.085
1934.205
1923.096
1949.165
1947.621
1959.511
1939.149
1945.145
1947.63
1950.962
1952.659
1940.362
1945.713
1956.271
1947.214
1935.011
1926.742
1923.808
1932.89
1948.003
1933.654
1938.199
1934.086
1948.427
1944.797
1938.513
1925.25
1927.31
1944.712
1935.223
1929.6
1919.966
1929.057
1944.907
1949.461
1958.425
1941.846
1944.492
1954.236
1957.577
1949.716
1938.021
1938.284
1944.195
1959.333
1948.461
1951.743
1935.833
1943.109
1947.451
1951.98
1946.57
1925.58
1936.766
1943.695
1939.056
1930.194
1926.369
1943.678
1963.802
1957.162
1936.351
1937.733
1943.491
1935.74
1939.183
1936.885
1935.401
1939.37
1958.103
1945.917
1940.226
1942.584
1950.292
1961.359
1945.204
1943.025
1947.842
1961.614
1964.073
1951.76
1934.383
1930.304
1943.474
1951.31
1945.908
1928.896
1925.767
1942.999
1947.095
1942.355
1931.356
1932.009
1940.413
1958.535
1958.815
1933.238
1930.753
1953.04
1945.433
1948.011
1942.83
1938.564
1938.038
1944.831
1945.06
1934.985
1939.353
1934.892
1948.876
1942.329
1936.232
1949.758
1949.758
1959.604
1961.919
1943.474
1928.879
1945.348
1952.218
1942.957
1933.162
1930.991
1933.917
1950.131
1939.514
1927.539
1924.885
1937.996
1956.678
1951.463
1934.154
1924.028
1923.91
1941.464
1938.377
1927.548
1917.744
1940.642
1955.211
1953.6
1936.639
1938.572
1947.418
1957.136
1939.734
1932.136
1920.45
1937.377
1950.979
1944.806
1936.52
1946.408
1956.229
1961.275
1955.169
1942.897
1941.201
1955.092
1969.933
1950.521
1941.515
1939.539
1951.76
1948.936
1944.025
1936.724
1926.895
1947.935
1955.907
1957.323
1952.489
1941.965
1947.884
1956.119
1956.059
1942.211
1939.844
1960.232
1959.748
1959.867
1937.071
1925.682
1936.469
1947.621
1947.596
1935.426
1943.449
1953.719
1961.784
1957.755
1938.649
1934.663
1947.884
1959.867
1965.049
1963.191
1941.049
1960.155
1969.56
1960.24
1950.589
1956.22
1958.943
1968.076
1955.542
1945.492
1940.905
1948.435
1960.367
1957.967
1950.25
1940.811
1953.752
1967.024
1957.687
1932.882
1931.89
1948.41
1961.487
1943.169
1932.331
1915.641
1929.363
1952.531
1960.291
1945.789
1945.094
1943.517
1953.456
1946.332
1937.241
1930.821
1952.684
1960.613
1958.671
1944.144
1948.995
1955.338
1963.429
1952.701
1941.668
1934.621
1941.524
1955.55
1952.099
1942.643
1923.961
1934.824
1959.434
1946.917
1942.804
1941.21
1942.278
1955.449
1950.488
1930.965
1920.645
1940.04
1942.728
1940.37
1924.834
1918.669
1933.399
1940.523
1945.17
1929.04
1927.963
1947.782
1953.651
1961.326
1943.966
1939.285
1945.798
1949.563
1958.561
1953.227
1948.164
1950.208
1961.275
1952.073
1939.887
1935.053
1937.529
1946.061
1946.459
1943.305
1943.61
1946.078
1955.584
1951.793
1947.443
1935.053
1950.725
1967.389
1964.811
1946.129
1939.904
1950.403
1956.178
1959.485
1944.797
1933.866
1948.919
1958.451
1960.571
1938.886
1942.211
1953.49
1957.56
1957.933
1952.396
1943.5
1959.892
1967.067
1955.44
1942.711
1934.883
1946.586
1964.455
1957.45
1943.584
1919.814
1939.471
1950.275
1950.301
1948.817
1943.398
1947.35
1963.166
1963.327
1956.407
1942.194
1955.822
1963.039
1953.854
1945.9
1949.037
1958.79
1955.915
1943.474
1942.406
1947.706
1948.808
1956.085
1962.403
1947.299
1945.891
1960.715
1972.842
1965.311
1959.875
1946.137
1956.102
1964.565
1960.444
1948.257
1938.767
1947.333
1945.119
1956.381
1937.012
1928.616
1928.905
1954.083
1936.274
1935.91
1932.534
1941.659
1955.075
1955.296
1951.641
1935.621
1937.665
1946.985
1935.664
1941.956
1929.278
1944.271
1971.01
1961.902
1948.367
1947.511
1948.639
1957.535
1961.097
1939.717
1933.772
1945.23
1953.761
1950.818
1941.837
1933.518
1933.942
1950.7
1948.834
1939.819
1942.431
1940.455
1956.509
1952.353
1935.825
1931.593
1933.993
1956.237
1946.858
1937.996
1940.226
1952.133
1964.133
1967.966
1940.438
1936.639
1940.353
1943.084
1938.886
1938.581
1927.582
1947.697
1953.227
1947.545
1934.459
1938.852
1944.958
1963.234
1960.164
1932.857
1938.081
1935.867
1948.707
1953.888
1941.541
1938.886
1940.073
1959.646
1942.194
1926.929
1919.237
1935.486
1946.51
1943.372
1932.153
1939.904
1953.303
1948.096
1952.709
1938.352
1933.323
1943.067
1955.635
1947.367
1941.184
1921.874
1943.44
1948.147
1959.248
1943.415
1930.762
1941.125
1949.368
1962.53
1941.447
1942.745
1942.762
1950.106
1972.299
1958.01
1950.114
1957.043
1971.375
1957.704
1939.293
1924.283
1945.34
1944.916
1943.533
1921.442
1916.345
1927.234
1948.333
1941.583
1925.165
1925.648
1937.97
1963.938
1954.397
1939.632
1923.511
1944.899
1954.711
1944.339
1932.645
1927.166
1931.61
1936.588
1945.408
1941.269
1933.348
1935.112
1949.614
1947.239
1935.723
1923.138
1923.935
1946.765
1951.76
1943.567
1937.843
1937.733
1949.622
1942.244
1931.262
1931.822
1940.777
1957.323
1948.766
1949.377
1925.148
1932.619
1955.483
1952.709
1935.375
1931.025
1931.881
1942.889
1946.442
1928.048
1925.877
1933.145
1944.288
1931.517
1920.492
1922.977
1933.035
1938.598
1951.878
1936.885
1928.956
1941.617
1948.384
1946.324
1931.618
1933.518
1941.346
1949.419
1953.786
1941.566
1937.428
1935.621
1947.027
1939.225
1931.211
1928.345
1931.975
1940.922
1951.48
1936.096
1938.225
1928.286
1948.605
1955.008
1947.943
1940.396
1946.018
1949.809
1938.428
1923.562
1926.14
1932.602
1930.202
1935.519
1919.839
1906.804
1911.206
1930.211
1939.31
1932.237
1925.479
1942.024
1946.341
1944.644
1944.288
1936.893
1947.35
1958.909
1963.844
1947.833
1934.739
1938.895
1945.967
1952.557
1934.587
1921.247
1934.773
1939.276
1945.28
1932.237
1921.773
1935.18
1945.34
1944.025
1940.794
1934.519
1943.406
1945.586
1955.711
1939.124
1934.273
1925.216
1931.483
1931.398
1919.313
1910.722
1928.565
1934.858
1943.508
1935.206
1924.079
1937.114
1947.451
1946.01
1941.685
1943.601
1944.551
1957.603
1953.617
1943.754
1932.78
1942.957
1943.22
1952.404
1941.566
1922.129
1924.698
1936.359
1944.093
1939.124
1935.85
1947.876
1946.23
1944.017
1932.517
1931.398
1940.192
1948.8
1951.624
1940.599
1926.606
1939.675
1954.55
1953.481
1942.558
1928.591
1942.652
1933.874
1939.013
1940.786
1936.8
1938.895
1953.176
1959.553
1951.174
1944.551
1948.944
1951.31
1954.634
1939.632
1926.725
1938.191
1947.027
1944.085
1935.418
1928.141
1928.023
1951.166
1953.15
1936.868
1942.355
1942.567
1955.228
1944.848
1933.493
1933.34
1938.674
1941.159
1942.168
1931.907
1928.226
1939.683
1946.425
1951.819
1948.283
1941.77
1940.15
1959.29
1957.806
1956.025
1957.501
1959.731
1959.502
1957.297
1947.138
1942.236
1942.838
1955.678
1954.601
1937.216
1924.173
1931.737
1941.015
1960.537
1934.688
1927.268
1938.403
1941.871
1950.106
1944.627
1944.263
1952.591
1955.762
1947.663
1936.554
1921.281
1932.526
1938.114
1947.189
1940.913
1923.884
1930.202
1948.537
1952.141
1939.87
1935.214
1942.456
1952.862
1956.127
1952.311
1939.785
1960.469
1965.244
1984.8
1947.358
1933.696
1935.375
1944.967
1940.09
1940.37
1933.145
1936.172
1944.509
1938.505
1933.917
1926.038
1940.616
1948.622
1956.755
1931.042
1926.505
1927.912
1936.274
1941.922
1935.774
1932.339
1940.294
1940.752
1937.597
1925.182
1920.517
1926.751
1947.053
1953.133
1940.879
1923.774
1927.904
1942.211
1954.685
1949.046
1937.207
1932.407
1942.134
1952.938
1926.318
1919.881
1933.993
1944.806
1943.16
1933.119
1927.505
1935.418
1936.469
1942.355
1930.669
1929.032
1928.472
1941.006
1946.731
1939.895
