1888.419
1895.475
1913.072
1894.347
1883.848
1886.841
1896.662
1908.56
1898.256
1891.803
1878.709
1892.167
1904.125
1900.427
1885.832
1889.207
1906.915
1917.066
1912.732
1897.179
1892.099
1908.161
1914.912
1915.624
1896.458
1893.94
1907.915
1911.901
1895.11
1892.43
1891.209
1894.448
1901.962
1891.412
1882.44
1886.926
1904.693
1913.572
1911.087
1896.246
1890.344
1910.146
1923.375
1906.423
1893.363
1887.935
1897.917
1906.898
1905.727
1897.459
1889.216
1905.168
1917.142
1915.438
1893.626
1889.411
1896.721
1916.871
1905.388
1895.517
1894.499
1912.978
1916.464
1910.604
1882.474
1900.046
1895.347
1924.113
1904.973
1894.881
1901.623
1902.2
1914.607
1915.064
1906.151
1907.983
1903.819
1911.876
1902.81
1895.873
1884.331
1895.653
1908.026
1924.919
1901.911
1911.172
1909.832
1916.871
1911.257
1906.923
1880.227
1894.813
1904.812
1896.73
1895.975
1895.78
1908.518
1915.438
1908.942
1903.811
1914.539
1925.419
1935.248
1911.316
1907.008
1894.135
1903.54
1920.916
1918.16
1905.185
1883.636
1905.677
1916.464
1915.022
1898.231
1896.806
1910.706
1908.908
1922.748
1905.168
1901.886
1919.635
1914.963
1908.17
1897.934
1896.662
1907.008
1921.73
1900.571
1893.448
1887.995
1896.594
1903.387
1899.367
1891.022
1892.549
1908.551
1913.903
1906.118
1895.322
1888.444
1899.8
1901.165
1906.151
1900.928
1906.872
1916.599
1921.467
1913.148
1895.72
1888.376
1902.072
1908.636
1908.975
1896.102
1892.184
1907.474
1909.739
1902.335
1894.27
1881.779
1901.479
1902.352
1898.79
1895.373
1889.827
1902.089
1917.888
1920.729
1903.115
1896.187
1908.797
1914.132
1902.624
1906.889
1888.614
1905.244
1916.964
1902.25
1905.532
1893.371
1911.74
1918.83
1916.879
1911.409
1892.88
1897.425
1907.78
1897.467
1897.654
1880.837
1898.697
1913.182
1915.455
1896.433
1896.102
1899.8
1904.337
1910.358
1899.672
1897.137
1908.458
1914.886
1905.354
1897.815
1901.937
1904.735
1911.732
1922.095
1896.128
1901.114
1903.506
1910.782
1897.9
1885.162
1890.539
1899.554
1914.072
1911.63
1904.099
1893.21
1898.044
1917.965
1911.291
1904.243
1906.533
1920.382
1937.004
1919.678
1910.019
1900.97
1900.928
1902.42
1901.801
1894.44
1885.612
1901.699
1910.527
1905.787
1897.756
1892.761
1911.392
1916.43
1912.045
1902.564
1898.299
1902.132
1902.072
1903.489
1896.882
1886.112
1916.54
1918.626
1902.87
1893.439
1881.507
1903.09
1915.132
1909.824
1908.882
1893.957
1901.453
1910.002
1899.299
1892.701
1884.611
1889.954
1916.209
1918.016
1907.415
1897.781
1903.718
1913.962
1920.568
1919.288
1905.482
1923.664
1921.416
1916.133
1906.253
1897.493
1892.854
1902.361
1909.357
1901.648
1895.051
1908.178
1917.846
1906.482
1896.246
1907.245
1907.441
1925.784
1911.325
1894.949
1890.191
1899.689
1910.544
1904.6
1894.109
1891.005
1893.524
1920.789
1912.885
1899.554
1886.163
1908.382
1922.714
1924.291
1911.842
1894.118
1910.892
1930.109
1914.912
1905.108
1892.583
1910.256
1912.588
1912.877
1896.475
1897.942
1910.163
1920.051
1914.997
1901.869
1897.137
1913.894
1909.968
1914.988
1897.688
1898.324
1899.477
1912.809
1907.279
1903.005
1899.172
1920.382
1929.1
1914.674
1899.274
1886.918
1911.401
1924.13
1914.513
1898.604
1893.185
1890.564
1907.559
1901.852
1901.945
1882.126
1904.532
1918.72
1903.599
1887.545
1880.693
1891.54
1915.005
1910.918
1894.542
1871.738
1902.352
1908.594
1898.366
1881.439
1871.967
1885.128
1889.411
1897.383
1889.937
1881.77
1871.755
1895.28
1900.766
1892.286
1892.744
1899.104
1905.448
1906.109
1897.832
1899.231
1894.525
1911.867
1920.509
1895.178
1883.152
1892.922
1902.14
1901.996
1887.571
1873.62
1881.473
1900.639
1896.993
1896.857
1886.935
1899.944
1902.827
1901.402
1891.59
1886.383
1893.906
1910.358
1910.595
1901.377
1885.62
1880.914
1905.329
1916.761
1902.166
1886.536
1889.411
1903.005
1903.285
1888.529
1885.01
1891.989
1899.596
1891.141
1897.171
1877.241
1886.417
1908.017
1912.749
1900.885
1889.954
1895.466
1901.318
1907.203
1900.071
1892.617
1900.715
1910.205
1898.841
1894.007
1883.271
1878.505
1895.492
1898.494
1900.241
1889.301
1890.513
1896.441
1899.622
1885.332
1881.753
1901.326
1912.817
1912.961
1895.144
1885.62
1876.673
1895.042
1894.448
1876.724
1884.306
1887.435
1902.115
1913.648
1911.562
1913.869
1917.023
1908.933
1895.78
1889.114
1888.08
1889.572
1909.204
1904.354
1892.294
1884.382
1895.008
1907.882
1890.573
1891.548
1880.795
1884.162
1904.591
1906.889
1898.79
1900.215
1901.903
1916.142
1909.264
1895.118
1883.627
1883.398
1900.529
1903.294
1883.738
1880.719
1886.256
1891.887
1897.705
1891.633
1884.017
1895.899
1899.291
1906.915
1885.985
1891.15
1889.886
1904.226
1899.698
1879.828
1886.663
1892.023
1900.648
1907.186
1877.971
1889.92
1905.973
1931.288
1916.761
1896.263
1890.089
1892.481
1890.675
1893.354
1882.542
1876.453
1889.241
1898.519
1904.294
1892.082
1893.202
1894.822
1910.96
1902.395
1903.556
1898.061
1905.982
1920.746
1914.157
1898.985
1895.983
1893.253
1893.821
1898.468
1888.614
1888.529
1909.103
1919.797
1916.048
1898.409
1894.219
1904.735
1924.181
1919.686
1906.703
1897.111
1893.108
1902.225
1915.836
1897.179
1897.451
1902.581
1909.154
1909.798
1899.138
1885.671
1884.882
1904.116
1912.283
1905.21
1896.068
1895.483
1908.789
1909.891
1903.277
1895.983
1911.172
1917.227
1928.574
1909.196
1890.912
1909.561
1915.26
1925.283
1910.731
1907.466
1912.529
1924.113
1928.523
1909.824
1903.404
1914.132
1934.324
1914.742
1907.636
1906.211
1917.464
1893.643
1914.717
1898.137
1901.182
1904.472
1917.32
1932.365
1910.502
1893.583
1905.202
1909.73
1913.614
1900.19
1891.811
1897.171
1909.705
1905.227
1890.403
1886.358
1904.048
1911.604
1919.568
1915.802
1891.726
1899.019
1910.095
1912.529
1902.081
1886.07
1889.869
1899.189
1898.409
1885.595
1874.782
1874.384
1885.654
1897.103
1893.261
1890.683
1899.638
1901.92
1909.476
1901.581
1907.025
1898.239
1894.635
1890.022
1883.661
1877.199
1881.507
1897.391
1894.118
1876.478
1891.921
1887.299
1898.841
1900.783
1890.505
1877.038
1902.208
1909.128
1908.755
1896.357
1882.847
1885.213
1897.62
1896.95
1885.044
1878.531
1880.829
1890.717
1899.443
1875.147
1874.68
1886.451
1899.418
1907.966
1890.284
1895.704
1891.056
1905.583
1898.07
1891.183
1884.645
1893.117
1902.2
1906.033
1900.961
1884.882
1890.539
1902.217
1908.789
1890.98
1884.764
1890.641
1897.569
1912.665
1890.039
1882.584
1896.051
1895.975
1902.157
1896.721
1888.41
1889.436
1891.175
1903.361
1894.067
1891.311
1890.106
1904.735
1904.498
1887.766
1877.326
1889.572
1897.417
1888.198
1877.861
1876.758
1884.077
1891.234
1901.275
1885.697
1878.31
1890.378
1894.66
1910.095
1902.581
1886.383
1888.275
1896.67
1897.646
1884.085
1870.703
1883.305
1896.865
1907.483
1892.735
1878.446
1896.857
1921.196
1917.532
1900.571
1882.491
1886.579
1900.961
1903.463
1892.091
1887.427
1901.555
1885.094
1903.964
1898.952
1886.282
1888.275
1908.255
1916.854
1898.731
1887.206
1900.809
1904.023
1913.792
1893.711
1884.636
1890.047
1915.37
1911.927
1887.715
1873.875
1878.632
1894.864
1900.936
1885.273
1885.086
1879.591
1897.595
1917.888
1895.805
1899.359
1904.311
1908.094
1913.648
1916.167
1896.119
1911.978
1920.127
1915.285
1910.451
1898.841
1909.484
1908.518
1916.616
1913.021
1907.262
1899.401
1909.849
1913.979
1882.381
1881.516
1889.36
1894.949
1909.349
1901.063
1877.462
1890.963
1898.528
1900.682
1896.306
1892.701
1898.01
1902.454
1905.074
1887.545
1887.961
1886.587
1895.356
1901.555
1894.745
1895.865
1886.265
1906.889
1913.267
1898.926
1891.574
1902.276
1920.823
1925.809
1916.947
1903.421
1898.154
1902.768
1916.43
1907.05
1903.599
1898.587
1907.449
1911.079
1898.858
1887.961
1897.417
1903.353
1900.402
1897.357
1894.584
1896.051
1914.886
1918.813
1898.434
1882.228
1886.205
1903.429
1902.827
1892.701
1894.711
1903.438
1907.975
1920.789
1912.724
1907.262
1880.515
1899.986
1907.992
1903.404
1897.289
1901.877
1911.435
1904.031
1902.471
1878.344
1886.129
1901.284
1903.378
1902.649
1888.283
1880.871
1892.82
1896.874
1894.686
1886.214
1894.084
1908.119
1920.009
1893.058
1878.514
1876.453
1892.668
1897.959
1896.526
1882.813
1886.104
1898.451
1909.807
1899.291
1892.854
1883.347
1905.346
1910.146
1905.422
1892.956
1902.547
1912.86
1912.444
1900.936
1896.993
1894.279
1898.366
1913.665
1909.357
1887.723
1884.153
1903.607
1912.877
1903.87
1899.698
1901.148
1913.241
1909.086
1910.205
1893.015
1889.945
1896.713
1900.936
1888.733
1890.81
1895.924
1906.872
1906.533
1905.219
1897.289
1897.976
1915.955
1913.021
1899.019
1879.557
1886.638
1899.376
1904.633
1893.812
1879.345
1888.215
1896.814
1904.812
1887.384
1883.373
1884.552
1890.335
1914.411
1906.838
1898.672
1903.005
1903.964
1899.918
1881.863
1883.67
1881.584
1897.476
1907.517
1906.414
1896.67
1891.48
1906.168
1918.338
1908.272
1901.25
1907.924
1912.826
1910.985
1901.182
1883.695
1884.755
1893.329
1900.325
1895.771
1905.872
1891.938
1900.427
1906.304
1883.848
1881.066
1885.561
1900.351
1900.665
1904.973
1884.696
1887.062
1897.018
1909.103
1903.828
1886.909
1904.091
1914.895
1918.66
1903.726
1892.218
1897.764
1912.461
1919.016
1898.188
1878.692
1883.11
1891.548
1904.795
1887.469
1871.322
1878.802
1891.031
1902.903
1906.075
1881.312
1892.88
1898.57
1906.431
1889.436
1878.446
1887.868
1899.087
1913.233
1898.799
1889.623
1883.534
1895.144
1903.938
1900.385
1896.026
1896.484
1900.877
1901.012
1903.913
1890.335
1886.689
1908.077
1914.318
1900.775
1894.898
1899.808
1915.573
1916.625
1900.826
1884.331
1886.197
1899.486
1906.194
1895.856
1894.94
1879.014
1904.566
1903.336
1899.274
1878.81
1889.207
1900.164
1913.758
1907.67
1883.602
1888.436
1900.868
1905.125
1893.151
1880.473
1887.308
1900.995
1906.041
1901.352
1894.915
1896.051
1915.489
1931.805
1927.989
1908.518
1888.758
1893.829
1890.047
1889.962
1883.958
1880.947
1891.998
1897.544
1891.828
1885.798
1892.837
1904.939
1900.86
1898.782
1882.55
1885.934
1897.527
1908.56
1900.8
1897.171
1888.614
1899.774
1902.861
1894.55
1896.874
1908.382
1921.561
1919.305
1913.156
1906.33
1921.705
1927.319
1921.221
1895.008
1889.038
1889.81
1901.385
1903.344
1902.327
1883.992
1895.746
1910.748
1916.184
1912.19
1888.605
1892.668
1902.912
1919.356
1911.163
1891.497
1895.627
1920.636
1921.544
1910.324
1896.492
1899.418
1908.594
1919.423
1915.209
1898.638
1902.318
1918.677
1926.725
1915.039
1924.876
1915.421
1917.448
1917.464
1910.332
1899.384
1895.373
1904.286
1913.114
1896.908
1891.412
1891.472
1913.971
1917.337
1901.487
1896
1890.827
1906.592
1909.832
1902.327
1892.888
1900.13
1910.706
1911.833
1905.439
1894.465
1900.537
1911.884
1928.548
1909.035
1898.841
1903.811
1908.026
1916.337
1916.464
1907.118
1897.807
1915.429
1916.667
1909.043
1892.235
1891.217
1900.164
1908.195
1904.235
1893.236
1886.875
1903.565
1913.826
1901.453
1894.27
1892.523
1914.327
1916.803
1921.968
1900.953
1895.025
1897.747
1911.087
1905.838
1912.995
1899.342
1905.286
1906.194
1904.04
1897.357
1900.8
1908.645
1917.117
1906.567
1887.232
1890.344
1902.183
1894.186
1900.749
1883.102
1878.335
1887.223
1910.061
1903.387
1893.236
1894.847
1901.911
1911.392
1909.255
1886.333
1899.774
1903.209
1921.951
1917.821
1894.889
1885.875
1906.448
1911.316
1907.941
1900.928
1890.217
1906.779
1904.133
1906.957
1898.205
1905.702
1913.343
1919.915
1907.373
1903.879
1898.629
1904.218
1906.872
1902.785
1879.446
1887.469
1893.609
1900.8
1895.483
1895.296
1911.774
1922.799
1916.99
1895.788
1880.905
1888.851
1896.713
1904.845
1905.804
1896.984
1903.056
1913.368
1917.6
1907.72
1884.306
1889.377
1885.985
1905.049
1903.633
1889.157
1892.286
1907.076
1908.178
1913.691
1891.743
1892.21
1896.984
1896.263
1890.649
1882.796
1889.335
1897.383
1912.24
1891.896
1879.591
1875.096
1887.757
1901.716
1899.774
1888.783
1882.194
1887.435
1898.638
1892.456
1877.08
1870.491
1879.243
1885.807
1876.682
1871.661
1863.172
1868.498
1883.695
1876.58
1865.352
1863.308
1873.349
1890.403
1885.883
1865.496
1858.474
1879.413
1886.112
1889.428
1868.32
1867.565
1877.208
1876.656
1872.085
1861.086
1849.968
