1948.715
1966.134
1974.004
1972.427
1969.119
1955.152
1967.508
1970.883
1972.113
1961.572
1956.5
1975.556
1978.414
1976.412
1961.385
1955.457
1977.26
1986.351
1984.901
1971.18
1971.74
1988.277
1989.269
1988.463
1963.971
1960.706
1971.409
1967.66
1962.309
1964.234
1959.307
1974.386
1985.86
1976.277
1965.735
1967.313
1977.947
1986.335
1989.201
1975.954
1955.771
1970.484
1987.607
1980.771
1960.427
1961.19
1967.805
1983.146
1979.949
1972.613
1959.994
1971.451
1984.367
1975.276
1972.969
1965.032
1979.253
1975.081
1975.14
1960.155
1959.002
1972.562
1984.757
1982.891
1975.98
1968.814
1975.055
1993.628
1985.156
1985.334
1969.619
1977.795
1976.913
1977.99
1951.497
1958.493
1972.579
1987.055
1982.527
1967.618
1961.521
1967.915
1985.334
1975.692
1966.923
1971.409
1979.576
1997.792
1977.684
1955.652
1953.532
1958.12
1960.478
1960.308
1945.569
1954.541
1967.16
1972.291
1970.213
1975.42
1975.802
1991.898
2006.374
2005.127
1996.172
1985.249
1985.86
1984.706
1969.781
1961.885
1955.135
1963.836
1964.743
1959.519
1951.895
1948.876
1964.87
1976.472
1978.872
1973.173
1970.179
1973.563
1992.585
1991.143
1977.125
1970.892
1982.077
1990.193
1993.238
1976.404
1967.177
1962.92
1972.291
1959.723
1952.871
1955.635
1965.057
1958.527
1971.383
1952.828
1960.639
1977.82
1983.977
1977.812
1966.541
1971.273
1983.714
1989.226
1977.43
1970.866
1966.431
1966.685
1976.557
1982.23
1971.163
1968.924
1979.618
1995.485
1991.406
1968.11
1972.096
1966.397
1987.055
1984.647
1970.018
1966.524
1980.542
1986.589
1987.361
1974.233
1965.261
1967.041
1966.007
1963.878
1952.667
1957.755
1975.853
1990.889
1973.232
1952.608
1947.027
1954.236
1974.937
1954.787
1947.019
1947.909
1963.861
1973.622
1972.74
1956.941
1957.654
1968.127
1978.821
1977.006
1958.883
1948.554
1964.913
1969.603
1961.707
1962.275
1959.282
1967.041
1975.259
1967.177
1965.752
1955.601
1973.003
1991.075
1983.502
1973.826
1967.465
1976.387
1967.364
1962.665
1955.415
1950.954
1955.966
1959.155
1962.369
1945.501
1944.975
1957.196
1971.986
1959.596
1959.926
1955.533
1965.718
1962.691
1969.959
1955.601
1949.47
1965.88
1987.607
1990.473
1978.371
1959.519
1973.266
1973.232
1956.152
1948.554
1949.139
1963.335
1978.312
1967.313
1947.129
1946.756
1943.55
1960.698
1967.245
1951.429
1937.097
1944.415
1956.203
1962.335
1954.117
1944.051
1951.361
1956.992
1955.856
1956.695
1945.382
1962.742
1977.142
1965.947
1950.335
1946.205
1964.438
1979.058
1967.118
1952.591
1959.222
1960.571
1973.707
1986.377
1969.034
1955.601
1968.186
1970.866
1960.876
1955.16
1943.457
1946.061
1958.179
1967.448
1946.578
1945.603
1960.52
1961.572
1959.273
1955.822
1948.69
1969.959
1967.067
1967.576
1958.586
1963.318
1953.032
1961.572
1958.273
1964.921
1950.386
1967.152
1961.385
1968.195
1940.582
1949.512
1957.959
1971.782
1971.85
1963.454
1959.511
1960.062
1975.861
1970.306
1951.556
1950.538
1952.048
1964.158
1965.065
1959.036
1942.601
1944.594
1955.05
1967.94
1957.611
1951.955
1953.379
1963.556
1962.708
1947.706
1940.769
1934.544
1954.592
1945.416
1940.472
1940.43
1964.896
1981.543
1989.964
1979.542
1960.817
1974.598
1987.318
1972.291
1963.793
1963.581
1965.583
1974.665
1963.709
1948.698
1946.391
1956.873
1963.819
1971.57
1950.148
1948.63
1947.435
1967.228
1975.2
1950.937
1935.172
1938.377
1948.52
1951.514
1947.146
1940.523
1963.106
1970.569
1969.374
1949.868
1941.167
1951.446
1966.795
1970.968
1965.515
1945.84
1960.571
1961.266
1960.825
1950.369
1941.897
1955.126
1964.285
1950.386
1953.761
1950.801
1945.374
1962.394
1956.729
1946.052
1935.884
1952.599
1968.407
1957.357
1946.442
1950.259
1941.388
1963.836
1961.843
1944.789
1951.242
1949.606
1975.005
1978.694
1959.222
1938.081
1953.099
1969.619
1968.559
1957.628
1944.823
1957.806
1960.596
1960.842
1952.845
1933.815
1938.708
1958.68
1949.843
1946.442
1932.153
1947.477
1960.605
1959.477
1954.287
1944.068
1961.979
1969.297
1968.975
1950.267
1936.749
1946.349
1958.612
1971.409
1955.856
1951.7
1958.875
1967.703
1958.951
1951.013
1956.373
1958.485
1967.822
1971.74
1961.945
1952.667
1949.487
1957.323
1958.179
1948.376
1938.496
1942.151
1957.45
1952.15
1955.228
1948.325
1943.567
1958.307
1964.438
1951.972
1938.36
1937.292
1956.373
1951.98
1943.601
1936.088
1948.554
1970.315
1966.499
1949.394
1943.847
1953.413
1968.22
1962.971
1964.031
1943.118
1951.319
1972.825
1955.22
1944.076
1941.422
1949.131
1962.165
1964.319
1949.656
1931.347
1937.555
1948.232
1938.717
1928.43
1923.011
1934.621
1948.571
1953.379
1934.519
1936.554
1941.117
1952.998
1938.454
1932.458
1928.76
1945.755
1962.521
1961.283
1947.85
1931.695
1953.752
1950.106
1961.979
1956.025
1949.877
1942.143
1958.434
1965.829
1954.1
1942.075
1950.928
1962.123
1964.955
1942.261
1944.466
1935.163
1957.085
1944.967
1936.851
1941.481
1947.46
1943.847
1950.072
1935.095
1926.717
1937.86
1954.83
1960.944
1942.431
1942.228
1955.118
1966.685
1966.931
1943.372
1931.873
1942.533
1952.328
1950.784
1947.061
1948.545
1950.309
1958.434
1951.505
1936.91
1932.17
1942.779
1957.535
1953.49
1948.003
1935.367
1927.064
1953.083
1953.727
1952.387
1945.908
1944.568
1970.247
1984.749
1956.551
1933.959
1936.147
1954.312
1945.196
1939.785
1943.109
1953.778
1957.085
1964.506
1957.001
1946.324
1952.506
1963.87
1968.051
1950.784
1939.471
1945.866
1961.563
1965.201
1955.092
1952.43
1947.138
1957.535
1955.703
1944.797
1933.569
1935.392
1951.853
1949.105
1945.781
1936.622
1950.725
1954.499
1959.485
1939.972
1943.288
1952.803
1953.54
1949.02
1942.134
1944.839
1949.326
1966.007
1962.92
1946.205
1941.388
1947.07
1967.084
1967.881
1954.456
1947.299
1954.804
1968.746
1974.945
1963.276
1949.919
1959.333
1962.445
1950.123
1945.62
1948.639
1946.544
1974.64
1972.206
1961.75
1951.565
1959.485
1976.998
1964.277
1947.918
1938.92
1956.687
1965.905
1970.476
1962.801
1960.427
1960.325
1967.448
1971.528
1955.745
1954.202
1966.728
1994.162
1986.292
1973.224
1948.155
1965.557
1979.262
1975.802
1956.543
1947.723
1953.668
1965.023
1960.13
1948.164
1944.661
1955.44
1978.473
1968.559
1954.363
1959.799
1958.883
1955.516
1960.02
1945.637
1946.476
1971.214
1975.556
1972.613
1950.131
1946.29
1953.133
1964.26
1970.612
1962.284
1963.768
1962.937
1969.552
1963.073
1958.315
1952.523
1955.423
1956.305
1966.719
1945.28
1942.329
1949.343
1971.672
1985.673
1972.596
1955.16
1964.692
1968.068
1979.414
1949.444
1947.74
1951.225
1954.278
1961.359
1948.172
1951.827
1958.095
1975.675
1983.299
1965.625
1951.793
1955.254
1975.403
1979.703
1967.949
1957.823
1962.784
1966.55
1979.143
1957.357
1950.326
1953.481
1962.199
1965.829
1961.741
1970.171
1974.479
1996.325
1984.087
1965.193
1953.464
1971.443
1982.705
1965.388
1958.137
1952.116
1949.037
1970.637
1980.161
1975.31
1969.153
1972.316
1982.06
1988.404
1973.868
1968.161
1965.277
1975.055
1977.04
1959.96
1966.541
1974.386
1976.048
1973.275
1950.326
1956.721
1945.314
1969.501
1978.397
1969.535
1961.605
1960.384
1968.899
1962.716
1950.394
1956.492
1956.526
1963.183
1958.612
1947.884
1931.296
1955.907
1979.567
1986.258
1962.029
1948.359
1962.267
1968.551
1978.931
1955.22
1941.854
1955.152
1968.754
1973.063
1960.096
1948.529
1966.991
1977.481
1973.444
1962.479
1941.787
1949.622
1969.798
1971.841
1948.495
1949.029
1955.033
1975.666
1979.406
1971.621
1960.902
1956.907
1966.516
1971.545
1964.26
1963.598
1953.837
1975.963
1973.843
1960.257
1954.846
1954.338
1968.39
1975.971
1962.25
1957.916
1960.249
1957.916
1963.378
1956.526
1952.158
1951.683
1968.983
1979.058
1967.627
1970.137
1973.843
1980.39
1981.696
1947.799
1944.695
1949.648
1955.822
1963.573
1951.225
1944.992
1965.829
1980.169
1981.365
1979.177
1978.159
1977.32
1988.226
1980.059
1972.791
1972.003
1973.673
1982.417
1998.351
1979.796
1971.163
1971.18
1989.803
1984.918
1966.227
1954.389
1954.227
1968.678
1976.048
1971.248
1960.325
1959.833
1981.882
1975.513
1965.795
1970.306
1973.682
1976.624
1972.231
1960.308
1950.208
1960.808
1982.026
1984.138
1979.499
1963.174
1969.077
1977.26
1979.923
1958.798
1958.442
1952.947
1978.354
1972.003
1964.005
1959.307
1963.005
1974.555
1981.713
1968.907
1959.875
1967.627
1972.172
1980.907
1963.564
1963.53
1967.474
1976.735
1985.436
1983.875
1969.848
1967.762
1964.709
1979.491
1963.013
1946.205
1948.096
1964.014
1973.673
1962.844
1960.147
1969.009
1972.681
1973.58
1973.707
1946.909
1963.98
1976.599
1975.675
1973.003
1960.028
1962.733
1972.952
1976.463
1954.592
1972.639
1971.562
1971.451
1990.024
1966.058
1950.861
1954.321
1974.589
1978.439
1962.089
1955.44
1958.196
1972.918
1971.171
1952.887
1953.184
1953.634
1974.547
1982.569
1975.878
1959.536
1961.419
1970.044
1970.23
1970.976
1960.944
1972.808
1966.634
1972.223
1959.061
1955.932
1955.822
1960.588
1959.036
1949.818
1944.568
1951.853
1959.468
1966.278
1973.292
1955.601
1962.199
1972.164
1982.128
1962.08
1949.826
1952.319
1963.31
1961.131
1958.485
1940.014
1949.546
1967.279
1968.186
1964.022
1952.141
1954.863
1969.145
1974.589
1970.196
1948.986
1960.384
1975.242
1974.725
1965.846
1953.88
1958.951
1970.959
1981.39
1954.516
1952.582
1956.933
1960.444
1969.594
1954.405
1940.252
1959.901
1958.663
1963.946
1954.889
1936.351
1949.987
1949.979
1970.001
1965.04
1950.259
1958.018
1963.497
1971.307
1958.256
1956.576
1961.215
1971.977
1980.737
1976.87
1968.492
1963.293
1967.584
1974.623
1957.187
1942.533
1946.663
1960.359
1969.653
1959.774
1962.869
1966.321
1971.112
1973.19
1968.407
1955.584
1960.868
1965.032
1977.642
1962.165
1945.806
1944.212
1957.781
1970.773
1965.269
1959.01
1964.107
1963.369
1960.325
1956.441
1950.301
1953.464
1960.63
1971.434
1963.768
1956.229
1959.4
1964.15
1974.462
1953.931
1947.138
1945.196
1969.704
1977.031
1977.277
1970.459
1955.856
1970.171
1996.206
1974.911
1963.819
1975.658
1973.393
1968.95
1956.61
1946.824
1952.319
1968.483
1972.562
1975.895
1962.335
1964.175
1979.007
1988.438
1982.247
1960.079
1968.127
1980.127
1978.702
1967.601
1958.68
1963.988
1973.733
1986.716
1980.279
1957.569
1954.88
1966.719
1977.506
1967.406
1960.893
1957.781
1970.434
1981.136
1972.571
1966.889
1967.677
1973.724
1970.272
1969.433
1961.546
1960.664
1980.576
1985.682
1971.689
1964.116
1971.858
1985.86
1982.832
1966.49
1960.308
1961.817
1970.68
1978.829
1968.195
1952.964
1968.542
1971.918
1982.679
1978.168
1968.161
1960.333
1968.424
1973.665
1966.27
1960.664
1958.196
1965.21
1960.418
1952.794
1941.329
1955.228
1969.475
1979.355
1969.416
1956.5
1963.378
1977.574
1980.737
1973.817
1962.589
1974.784
1978.227
1979.855
1963.352
1952.446
1949.597
1958.51
1973.096
1959.434
1956.381
1947.418
1970.646
1984.571
1975.251
1966.473
1971.129
1980.254
1973.766
1969.306
1962.411
1969.509
1974.682
1978.77
1970.747
1975.683
1968.576
1981.034
1967.313
1977.854
1961.241
1976.735
1975.81
1991.94
1983.358
1975.844
1974.886
1985.139
1987.225
1974.19
1947.146
1957.908
1970.12
1974.08
1942.304
1947.63
1957.323
1964.582
1970.925
1959.841
1952.056
1952.133
1972.596
1981.73
1965.32
1960.698
1960.24
1967.296
1969.45
1966.804
1950.284
1963.853
1972.003
1977.939
1977.176
1958.849
1972.698
1977.337
1978.855
1968.899
1955.389
1974.479
1984.978
1991.448
1977.159
1965.761
1960.893
1966.236
1970.807
1971.807
1954.092
1961.563
1969.594
1977.863
1966.354
1952.854
1951.454
1966.27
1975.217
1967.644
1945.543
1951.056
1954.482
1977.472
1951.005
1948.571
1962.827
1964.641
1971.036
1969.085
1950.589
1962.793
1977.422
1983.604
1968.89
