1972.07
1971.935
1975.581
1965.693
1951.565
1942.635
1954.507
1965.557
1962.589
1953.888
1945.34
1951.573
1962.25
1967.355
1957.781
1950.844
1956.746
1969.357
1980.882
1966.567
1957.806
1968.017
1967.058
1974.038
1964.76
1950.53
1950.377
1968.839
1970.544
1953.371
1945.416
1964.998
1976.395
1966.346
1972.706
1961.555
1963.581
1967.296
1971.019
1962.165
1954.439
1969.28
1977.362
1977.922
1972.74
1965.023
1963.624
1962.945
1961.843
1962.911
1954.007
1964.65
1962.08
1974.207
1975.539
1957.543
1959.417
1985.724
1973.834
1963.827
1943.406
1954.618
1968.509
1980.364
1974.784
1966.694
1965.769
1977.15
1979.474
1963.123
1954.355
1954.787
1978.761
1970.739
1969.848
1956.551
1967.669
1975.573
1980.924
1961.529
1949.029
1947.672
1960.537
1966.668
1942.092
1952.404
1965.93
1969.696
1961.614
1949.851
1937.648
1940.311
1961.758
1969.162
1964.124
1957.068
1962.029
1961.351
1965.379
1957.119
1950.174
1964.675
1957.925
1962.657
1949.173
1949.478
1953.608
1957.908
1970.578
1957.866
1948.249
1946.629
1959.282
1963.946
1954.923
1935.901
1934.621
1948.393
1961.275
1950.555
1949.478
1960.571
1977.54
1970.12
1957.45
1949.631
1952.531
1955.296
1961.402
1956.407
1937.885
1936.537
1960.333
1968.135
1948.35
1943.856
1952.523
1965.481
1958.629
1967.728
1952.837
1951.505
1964.158
1960.961
1957.331
1946.451
1955.576
1963.81
1965.829
1958.747
1944.95
1959.485
1971.545
1981.781
1964.311
1964.294
1952.726
1956.984
1955.508
1949.351
1948.986
1951.895
1981.535
1966.439
1959.494
1956.975
1947.647
1954.134
1960.885
1953.863
1946.069
1935.969
1949.037
1948.469
1941.371
1931.33
1943.856
1962.632
1961.139
1957.543
1948.088
1961.181
1965.277
1982.976
1962.691
1951.276
1969.043
1980.491
1977.269
1956.042
1947.57
1954.134
1951.157
1958.162
1959.714
1941.201
1945.917
1956.102
1964.37
1954.821
1952.514
1954.092
1959.078
1971.765
1962.691
1953.897
1967.847
1963.412
1964.073
1967.762
1956.534
1964.582
1958.502
1968.28
1977.167
1963.675
1964.065
1968.509
1968.746
1964.133
1945.959
1940.396
1940.938
1957.238
1963.912
1952.879
1951.929
1944.712
1956.178
1946.697
1943.008
1943.211
1954.346
1955.686
1952.642
1936.096
1935.053
1953.379
1962.699
1965.311
1951.259
1949.521
1954.567
1951.03
1950.326
1948.376
1949.419
1952.15
1948.698
1948.266
1946.917
1946.247
1949.461
1951.454
1942.991
1937.088
1943.313
1957.874
1957.238
1959.596
1951.005
1949.538
1962.343
1963.683
1956.509
1946.341
1947.265
1967.906
1961.741
1957.306
1948.452
1940.269
1954.668
1964.005
1964.862
1960.104
1958.4
1981.407
1980.508
1957.374
1930.041
1950.649
1949.945
1953.083
1935.672
1941.388
1933.23
1952.574
1952.056
1945.755
1934.154
1928.184
1945.705
1946.391
1947.07
1931.856
1934.375
1940.837
1953.278
1959.596
1945.713
1941.295
1963.2
1958.357
1958.671
1953.574
1949.08
1953.803
1957.823
1953.396
1940.09
1943.517
1954.414
1957.637
1955.805
1947.197
1950.309
1963.836
1972.231
1955.907
1937.707
1942.694
1946.841
1960.969
1945.662
1933.221
1941.04
1947.876
1958.705
1951.31
1952.421
1944.28
1946.654
1966.354
1966.524
1948.808
1950.75
1958.273
1977.337
1967.041
1944.161
1953.566
1959.545
1973.962
1957.62
1947.367
1944.856
1962.42
1955.44
1957.467
1945.408
1942.355
1948.316
1960.63
1956.449
1947.248
1951.395
1970.459
1962.954
1948.444
1939.7
1947.918
1954.533
1963.471
1961.266
1962.301
1952.642
1969.815
1968.042
1969.399
1957.569
1948.902
1956.517
1962.759
1945.654
1945.162
1961.758
1971.112
1956.246
1945.145
1939.929
1936.596
1951.632
1960.919
1944.992
1940.531
1945.348
1954.244
1974.877
1965.142
1949.377
1955.669
1975.539
1977.15
1970.629
1967.338
1959.782
1972.427
1971.468
1962.097
1952.709
1943.576
1955.508
1964.608
1957.077
1946.909
1949.911
1960.52
1971.782
1957.425
1953.685
1961.699
1962.911
1977.489
1958.764
1953.439
1950.318
1962.309
1970.909
1959.841
1948.384
1951.48
1965.218
1979.974
1974.657
1961.656
1961.572
1975.98
1972.028
1970.764
1962.844
1961.817
1972.851
1983.587
1975.42
1958.976
1950.945
1965.108
1969.111
1974.386
1951.022
1946.01
1960.528
1966.354
1960.494
1961.902
1959.061
1959.239
1965.43
1949.597
1942.015
1949.758
1969.043
1972.74
1956
1956.22
1959.384
1972.367
1978.77
1984.621
1973.419
1960.435
1990.007
1989.082
1981
1961.97
1955.287
1966.634
1972.783
1972.359
1963.641
1962.284
1972.927
1965.311
1961.945
1947.672
1949.606
1953.235
1970.417
1960.952
1963.268
1961.071
1976.251
1983.985
1981.323
1970.281
1970.179
1978.711
1971.858
1975.649
1963.59
1963.174
1966.651
1967.567
1964.913
1961.258
1964.048
1976.624
1969.806
1969.323
1958.985
1950.369
1967.152
1967.923
1973.334
1960.393
1969.891
1973.275
1982.976
1970.985
1955.533
1952.48
1974.47
1969.586
1974.818
1962.784
1966.592
1974.097
1970.442
1968.636
1966.007
1950.157
1963.776
1970.671
1973.139
1956.415
1957.933
1958.747
1967.033
1959.502
1944.644
1947.061
1957.772
1961.487
1962.301
1948.817
1943.355
1952.955
1972.13
1956.297
1954.55
1944.772
1946.917
1961.147
1964.624
1959.604
1950.53
1968.093
1974.648
1958.663
1955.525
1944.772
1942.321
1953.278
1947.519
1942.448
1936.537
1951.938
1960.681
1959.511
1943.958
1946.001
1948.893
1958.23
1949.131
1945.314
1937.258
1949.521
1957.272
1949.589
1936.825
1950.979
1972.588
1968.738
1953.006
1935.274
1936.384
1950.275
1956.11
1943.084
1934.697
1931.983
1943.457
1951.344
1936.868
1919.619
1922.858
1934.256
1937.835
1947.774
1930.083
1931.152
1938.437
1949.843
1956.839
1945.484
1946.391
1946.247
1945.052
1943.822
1924.096
1926.148
1950.072
1957.017
1959.46
1953.82
1934.909
1942.278
1951.047
1947.104
1934.052
1930.872
1929.218
1938.352
1944.992
1921.459
1922.468
1939.632
1954.736
1954.363
1943.313
1938.352
1943.559
1957.891
1946.264
1940.328
1930.27
1955.186
1960.986
1966.931
1947.138
1935.825
1953.125
1957.662
1952.218
1943.152
1953.642
1947.418
1956.051
1961.037
1939.726
1936.249
1951.76
1966.363
1956.483
1944.687
1937.792
1950.759
1966.346
1956.848
1944.89
1932.967
1928.794
1940.04
1947.138
1941.532
1932.857
1938.098
1946.782
1942.948
1928.608
1935.494
1946.137
1966.388
1956.034
1938.852
1951.522
1962.962
1979.94
1956.678
1955.152
1943.72
1951.497
1956.653
1958.078
1957.67
1946.188
1947.765
1963.887
1957.416
1933.255
1930.745
1936.825
1945.153
1945.255
1929.108
1935.825
1947.926
1962.097
1966.787
1944.755
1948.444
1958.027
1973.241
1955.94
1956.068
1949.563
1958.417
1971.867
1973.427
1968.975
1962.25
1963.734
1974.106
1964.09
1956.22
1944.839
1962.403
1967.041
1960.342
1944.373
1939.225
1960.113
1976.989
1975.039
1969.848
1953.914
1954.863
1966.27
1961.283
1957.467
1953.116
1966.329
1970.332
1965.354
1969.043
1962.937
1969.543
1961.453
1961.063
1952.998
1946.383
1945.501
1950.479
1956.229
1936.876
1930.338
1944.229
1964.845
1951.887
1938.683
1939.929
1949.402
1953.854
1950.903
1937.733
1925.784
1939.548
1950.615
1954.982
1955.237
1956.466
1967.398
1978.058
1969.136
1958.841
1954.448
1967.203
1966.643
1959.409
1952.675
1949.945
1949.258
1955.423
1958.366
1956.263
1948.817
1958.985
1959.214
1937.385
1938.428
1938.996
1948.647
1961.826
1959.604
1946.553
1945.111
1959.434
1965.032
1959.502
1944.916
1946.697
1952.955
1969.569
1963.853
1951.319
1947.112
1951.963
1978.923
1960.834
1940.888
1943.61
1950.157
1954.193
1955.745
1949.622
1930.652
1936.859
1954.948
1958.731
1943.186
1945.806
1953.642
1961.054
1961.851
1947.621
1942.338
1958.103
1963.997
1968.653
1950.182
1946.909
1961.249
1978.151
1966.88
1965.905
1958.239
1971.994
1982.06
1960.596
1954.1
1957.467
1959.417
1965.761
1962.589
1950.657
1946.849
1947.112
1964.031
1956.543
1954.16
1944.933
1949.801
1962.649
1962.53
1951.87
1943.991
1964.794
1969.882
1974.326
1952.65
1949.436
1957.416
1967.983
1968.653
1958.442
1945.637
1949.173
1968.916
1967.822
1951.7
1946.332
1949.911
1952.413
1949.919
1945.111
1946.51
1957.229
1970.4
1968.687
1943.966
1941.227
1945.247
1958.205
1967.55
1947.18
1941.676
1948.52
1963.454
1969.755
1951.056
1953.159
1952.625
1965.303
1957.611
1962.284
1965.193
1968.534
1968.848
1967.482
1949.122
1945.688
1951.191
1960.935
1958.552
1947.63
1951.276
1955.483
1965.15
1966.719
1954.601
1942.567
1954.482
1980.941
1961.953
1956.195
1957.238
1952.574
1962.649
1965.888
1962.267
1960.393
1969.933
1967.991
1971.884
1957.713
1967.779
1966.643
1968.288
1962.623
1945.637
1941.575
1952.396
1953.193
1962.326
1953.091
1944.254
1935.409
1952.871
1947.282
1933.73
1930.55
1944.856
1951.717
1971.358
1949.945
1940.693
1944.916
1960.8
1955.364
1949.962
1939.259
1944.509
1965.99
1968.78
1958.044
1937.428
1951.225
1971.494
1962.352
1951.242
1936.325
1949.173
1962.852
1957.399
1957.374
1941.04
1959.138
1969.051
1980.653
1966.626
1955.042
1957.314
1968.983
1973.995
1970.697
1953.006
1953.846
1970.145
1973.461
1954.405
1947.18
1960.291
1966.558
1969.73
1968.568
1958.188
1961.538
1965.447
1963.726
1959.553
1950.937
1971.121
1973.766
1970.671
1942.058
1934.366
1941.252
1963.963
1955.525
1948.469
1946.646
1957.204
1962.199
1961.241
1958.111
1947.672
1950.801
1966.312
1958.366
1952.879
1940.913
1945.823
1969.696
1982.696
1966.575
1954.473
1955.813
1964.268
1961.275
1958.883
1946.366
1962.08
1961.156
1963.48
1946.29
1948.198
1958.595
1965.04
1968.975
1958.671
1954.618
1945.06
1958.298
1963.259
1953.524
1957.933
1946.145
1940.489
1960.478
1946.663
1948.283
1954.762
1965.006
1965.617
1956.144
1956.441
1960.673
1964.862
1964.209
1948.656
1946.578
1947.774
1955.576
1966.371
1943.05
1946.281
1941.159
1952.82
1956.848
1948.138
1942.719
1948.232
1963.887
1965.617
1955.559
1944.644
1950.776
1962.326
1956.619
1960.367
1948.69
1957.916
1972.689
1982.018
1965.006
1945.374
1948.944
1960.63
1971.477
1952.557
1939.022
1934.671
1945.102
1951.751
1941.507
1937.461
1942.253
1951.344
1957.001
1938.801
1945.569
1953.829
1966.66
1967.949
1945.238
1929.956
1941.634
1956.381
1983.078
1955.254
1951.717
1949.215
1960.266
1974.53
1958.756
1959.629
1950.869
1960.723
1967.525
1950.53
1940.285
1949.885
1966.278
1964.701
1951.819
1949.801
1956.169
1961.546
1963.615
1943.186
1939.938
1946.977
1951.658
1964.87
1958.671
1947.367
1952.93
1952.353
1962.75
1954.244
1944.339
1952.133
1961.283
1966.541
1952.472
1947.536
1960.74
1976.175
1976.641
1968.025
1968.763
1965.159
1971.494
1968.22
1959.833
1948.427
1945.179
1968.67
1959.646
1949.902
1949.86
1954.499
1970.883
1971.443
1965.905
1964.294
1960.096
1970.586
1978.058
1963.302
1956.831
1964.514
1970.561
1977.625
1973.088
1966.405
1966.058
1982.264
1968.458
1965.922
1952.099
1963.115
1960.919
1968.899
1951.234
1949.182
1956.136
1968.687
1973.054
1971.612
1959.757
1964.523
1974.691
1975.48
1960.613
1953.235
1955.584
1967.338
1974.937
1955.406
1957.849
1961.343
1978.863
1986.759
1973.13
1950.7
1957.179
1963.302
1966.533
1951.327
1950.038
1957.509
1966.609
1969.17
1959.629
1958.764
1964.141
1973.563
1965.625
1960.198
1950.53
1954.38
1970.179
1977.422
1959.68
1960.418
1960.435
1966.906
1961.402
1951.166
1950.326
1962.767
1979.822
1980.559
1973.546
1963.225
1968.534
1978.27
1979.61
1975.242
1958.171
1958.29
1964.141
1968.195
1963.632
1962.14
1959.511
1976.599
1965.761
1946.586
1935.918
1943.525
1965.727
1961.97
1956.873
1952.591
1951.802
1964.981
1980.932
1966.321
1944.153
1951.81
1966.609
1977.795
1971.383
1966.414
1971.01
1985.393
1991.813
1974.945
1976.548
1973.385
1976.37
1977.269
1963.683
1953.006
1955.05
1962.903
1971.799
1959.511
1960.478
1961.249
1984.867
1979.788
