1910.188
1894.932
1898.349
1902.14
1896.806
1883.653
1867.523
1890.725
1899.299
1903.701
1894.152
1897.73
1906.05
1918.491
1904.879
1885.239
1883.704
1905.329
1916.091
1919.05
1901.547
1898.918
1915.76
1924.198
1898.502
1897.908
1908.535
1913.869
1919.678
1919.39
1903.014
1902.369
1917.38
1934.587
1928.633
1918.957
1902.522
1908.365
1915.175
1921.052
1911.766
1900.995
1915.701
1924.139
1914.488
1905.354
1903.743
1909.154
1912.987
1903.743
1895.5
1879.794
1899.672
1911.435
1903.947
1901.86
1900.147
1909.764
1918.669
1916.387
1907.178
1884.976
1904.337
1918.219
1928.014
1911.401
1901.835
1914.123
1921.357
1926.674
1917.337
1896.289
1907.814
1918.872
1914.361
1899.74
1897.06
1899.613
1908.153
1905.812
1897.12
1893.846
1906.855
1923.291
1922.824
1898.248
1899.155
1900.665
1909.408
1907.534
1905.761
1899.036
1905.431
1912.105
1920.763
1903.183
1906.347
1916.701
1907.05
1919.169
1897.942
1894.898
1915.556
1934.078
1917.439
1904.659
1891.506
1903.37
1911.672
1911.087
1913.691
1890.904
1916.489
1923.74
1923.163
1893.575
1887.817
1892.498
1907.865
1925.58
1906.813
1892.591
1892.43
1899.783
1909.798
1901.784
1888.385
1883.008
1887.562
1896.161
1886.85
1888.8
1895.873
1907.644
1908.959
1908.322
1893.21
1909.688
1915.2
1917.007
1911.206
1879.879
1892.065
1909.094
1909.993
1896.136
1893.304
1892.133
1916.243
1923.019
1907.712
1889.207
1897.501
1889.835
1892.159
1894.041
1893.838
1900.368
1911.952
1919.898
1907.067
1904.693
1914.123
1926.827
1924.478
1906.431
1889.555
1902.887
1909.807
1904.159
1901.894
1886.867
1904.71
1913.004
1919.703
1906.313
1894.152
1895.873
1909.705
1909.535
1898.07
1901.207
1908.094
1907.754
1915.497
1900.224
1901.352
1914.471
1909.849
1915.599
1908.407
1894.135
1903.2
1909.603
1922.027
1901.428
1885.4
1897.824
1922.595
1925.233
1901.92
1900.851
1908.611
1903.277
1906.414
1880.193
1897.077
1895.551
1906.219
1916.277
1904.956
1898.256
1891.624
1907.703
1923.096
1889.241
1886.545
1902.573
1908.535
1911.401
1900.079
1888.359
1893.923
1914.573
1921.298
1906.491
1894.398
1908.492
1911.884
1924.393
1909.077
1897.646
1905.337
1907.763
1909.518
1894.652
1900.919
1912.69
1913.165
1913.64
1902.149
1903.226
1914.284
1917.261
1927.921
1908.755
1914.776
1917.897
1919.033
1906.516
1898.773
1882.847
1896.06
1902.946
1915.616
1902.412
1888.419
1889.004
1902.971
1912.783
1891.429
1889.962
1902.327
1921.756
1924.724
1911.969
1919.237
1919.89
1936.715
1926.835
1916.964
1903.031
1913.267
1921.365
1918.626
1901.241
1892.93
1890.293
1899.223
1901.148
1895.305
1886.248
1886.638
1892.311
1901.801
1896.34
1891.726
1899.681
1917.464
1909.035
1909.773
1908.11
1908.925
1926.751
1930.558
1922.4
1901.487
1914.513
1929.125
1942.38
1920.136
1892.031
1893.058
1911.664
1924.953
1905.515
1903.599
1902.802
1908.11
1905.142
1897.043
1893.753
1907.084
1916.769
1929.821
1918.329
1914.836
1912.402
1919.627
1928.888
1913.962
1898.129
1907.678
1915.497
1909.247
1907.22
1895.398
1907.356
1915.073
1921.908
1904.048
1891.022
1909.425
1914.064
1905.939
1911.978
1901.708
1912.622
1909.264
1910.536
1890.7
1884.128
1897.026
1917.329
1924.461
1914.293
1901.233
1906.686
1914.751
1920.348
1898.12
1883.127
1899.901
1920.467
1919.067
1904.091
1895.763
1905.041
1919.423
1928.074
1918.906
1902.352
1905.889
1902.98
1914.098
1900.597
1896.373
1901.029
1917.761
1923.248
1910.765
1900.351
1911.342
1916.354
1920.831
1905.906
1898.969
1912.062
1907.551
1917.083
1911.002
1900.537
1892.362
1902.327
1905.609
1899.952
1888.843
1890.251
1905.931
1917.727
1908.009
1914.242
1918.906
1928.633
1929.066
1906.643
1890.827
1905.431
1913.682
1918.94
1903.845
1898.952
1917.015
1927.064
1932.483
1913.648
1894.211
1907.203
1909.391
1915.192
1901.631
1896.484
1907.356
1910.214
1914.488
1912.105
1892.32
1908.238
1919.067
1918.024
1899.613
1905.507
1900.851
1911.952
1920.39
1904.286
1895.407
1899.817
1923.409
1923.901
1908.246
1893.397
1896.119
1907.763
1907.381
1905.253
1887.418
1885.824
1906.389
1913.742
1898.341
1897.875
1901.402
1920.026
1921.433
1897.629
1886.723
1887.766
1900.571
1912.656
1900.402
1889.971
1893.125
1893.778
1902.556
1881.957
1877.445
1891.158
1890.293
1908.416
1894.525
1893.38
1894.593
1908.212
1920.475
1891.362
1892.549
1894.414
1914.242
1907.585
1892.456
1885.493
1892.778
1904.947
1924.215
1907.305
1901.614
1908.314
1913.657
1916.862
1900.605
1900.41
1900.715
1908.585
1915.972
1903.285
1902.522
1904.812
1909.06
1909.968
1896.67
1880.719
1890.081
1900.631
1900.843
1904.786
1888.928
1889.937
1908.06
1921.018
1901.86
1898.197
1908
1912.868
1918.27
1904.659
1904.184
1904.099
1926.377
1927.141
1912.877
1890.887
1901.377
1905.083
1918.287
1907.983
1900.13
1896.238
1909.942
1915.828
1901.767
1903.361
1912.215
1923.511
1927.675
1907.822
1908.984
1909.764
1919.178
1926.132
1914.971
1904.421
1901.648
1914.199
1918.55
1913.173
1900.317
1901.453
1920.729
1922.095
1904.693
1893.787
1889.81
1903.022
1911.079
1910.756
1898.926
1900.885
1917.812
1919.746
1914.7
1907.093
1916.481
1929.99
1942.914
1922.858
1905.159
1920.5
1924.164
1906.118
1901.004
1895.72
1897.993
1900.444
1899.689
1898.366
1884.916
1900.732
1900.156
1906.601
1895.619
1885.993
1896.492
1913.606
1921.23
1918.177
1905.083
1902.25
1909.077
1915.828
1919.245
1899.995
1907.619
1912.452
1930.575
1919.635
1906.414
1915.234
1915.904
1913.156
1902.819
1892.498
1892.116
1918.974
1922.18
1900.046
1899.036
1904.43
1907.805
1916.574
1903.845
1902.547
1912.207
1923.698
1935.994
1912.207
1909.917
1915.76
1929.583
1926.462
1922.468
1900.071
1910.137
1930.881
1926.785
1913.156
1913.47
1921.467
1924.444
1930.974
1910.782
1911.723
1917.719
1920.755
1930.126
1924.079
1918.067
1925.063
1934.086
1932.857
1913.775
1913.301
1905.575
1920.823
1925.148
1910.434
1907.067
1916.599
1929.761
1930.134
1916.133
1915.607
1906.465
1918.279
1909.841
1901.021
1888.037
1897.552
1915.972
1920.348
1912.588
1904.286
1912.045
1911.63
1918.262
1911.045
1911.859
1916.396
1913.402
1925.631
1923.63
1908.891
1918.279
1925.631
1923.002
1922.052
1913.055
1911.409
1922.239
1926.988
1904.438
1892.082
1903.709
1916.294
1918.686
1905.872
1906.262
1892.311
1904.116
1933.018
1920.95
1913.886
1919.093
1925.682
1930.38
1922.544
1903.09
1914.581
1929.999
1915.014
1911.825
1903.217
1901.284
1907.229
1916.65
1900.894
1904.829
1893.566
1918.465
1918.889
1897.968
1897.841
1909.264
1910.036
1922.264
1916.65
1895.203
1910.002
1922.536
1934.069
1922.595
1906.355
1897.629
1912.291
1916.786
1910.086
1909.773
1894.27
1910.85
1910.731
1904.54
1900.826
1900.453
1910.154
1918.448
1912.088
1902.844
1909.501
1917.371
1934.434
1926.454
1924.054
1919.135
1938.496
1934.731
1917.888
1909.747
1914.632
1925.792
1936.257
1910.909
1905.007
1908.306
1914.267
1924.486
1911.774
1901.716
1906.703
1916.973
1918.813
1911.486
1898.171
1900.071
1899.8
1914.454
1897.959
1895.254
1897.62
1915.879
1917.074
1904.684
1900.054
1908.594
1919.907
1921.891
1913.267
1906.872
1913.758
1906.296
1905.889
1911.876
1902.641
1911.384
1918.728
1921.382
1931.135
1915.65
1914.14
1933.637
1929.481
1910.51
1912.809
1922.688
1932.373
1924.673
1925.962
1920.679
1924.69
1927.683
1937.19
1926.428
1912.045
1908.475
1913.521
1914.852
1913.53
1911.587
1906.27
1918.465
1933.179
1925.139
1907.407
1921.12
1930.965
1929.227
1911.587
1897.866
1913.886
1929.524
1942.236
1934.968
1926.632
1927.149
1925.029
1914.53
1911.469
1911.214
1908.077
1923.961
1927.192
1928.548
1908.721
1920.382
1917.685
1918.686
1908.797
1895.661
1898.18
1912.478
1915.997
1910.12
1900.605
1905.982
1914.903
1942.261
1929.1
1918.643
1920.45
1927.259
1928.481
1930.736
1911.723
1907.653
1913.826
1915.684
1909.306
1902.234
1913.631
1914.505
1915.692
1903.361
1901.326
1902.03
1916.532
1921.264
1914.055
1905.091
1923.002
1925.597
1938.267
1927.573
1919.61
1916.786
1922.231
1933.399
1917.846
1913.419
1919.975
1928.565
1940.006
1922.086
1903.658
1916.939
1919.347
1922.417
1911.715
1898.884
1907.559
1914.055
1917.846
1911.325
1904.464
1911.096
1919.78
1921.018
1911.494
1914.496
1907.983
1912.368
1915.098
1906.779
1900.495
1911.248
1922.078
1932.051
1910.638
1905.219
1900.453
1905.711
1914.64
1906.101
1895.432
1895.492
1912.834
1920.687
1907.61
1891.2
1902.284
1910.112
1914.836
1909.416
1894.635
1881.253
1892.557
1913.64
1909.162
1896.899
1894.084
1912.588
1921.162
1909.094
1888.071
1898.332
1910.663
1915.802
1898.392
1895.508
1895.839
1909.306
1913.597
1906.44
1901.496
1896.373
1916.116
1919.067
1914.785
1880.074
1889.682
1900.944
1916.362
1911.435
1899.579
1906.033
1911.002
1914.759
1909.035
1894.796
1891.777
1906.465
1915.124
1907.424
1894.525
1896.017
1912.012
1914.861
1903.395
1894.822
1901.665
1916.201
1916.404
1901.564
1902.005
1907.212
1907.805
1922.069
1908.484
1900.792
1895.695
1917.235
1913.818
1907.585
1905.787
1905.219
1914.047
1924.037
1903.099
1894.627
1901.589
1913.563
1917.846
1903.336
1893.889
1897.459
1909.349
1913.445
1910.96
1901.199
1894.228
1907.373
1908.738
1892.201
1895.39
1899.367
1904.54
1923.944
1910.46
1904.371
1914.598
1914.937
1924.368
1916.184
1900.266
1900.419
1920.322
1915.684
1903.887
1885.34
1889.623
1890.005
1907.441
1882.754
1877.479
1876.478
1895.067
1897.883
1897.408
1882.788
1895.407
1897.747
1912.368
1901.623
1895.381
1899.927
1907.737
1918.728
1916.023
1899.24
1904.913
1904.04
1906.728
1905.829
1896.755
1896.636
1914.98
1925.283
1904.862
1897.527
1894.677
1896.475
1903.616
1903.395
1899.028
1900.003
1902.988
1907.373
1897.942
1902.005
1909.349
1932.958
1930.041
1917.88
1894.448
1904.294
1919.61
1923.138
1913.343
1904.617
1908.814
1914.361
1911.944
1901.233
1905.592
1898.646
1903.268
1909.79
1896.823
1896.916
1897.298
1908.942
1918.194
1911.927
1903.768
1899.528
1913.19
1922.909
1915.989
1906.202
1907.924
1896.128
1913.682
1910.833
1906.923
1902.666
1914.649
1912.461
1907.059
1901.156
1899.367
1915.539
1926.564
1913.343
1906.957
1909.501
1917.049
1926.377
1916.184
1909.773
1926.462
1932.526
1931.203
1926.191
1920.441
1912.478
1931.941
1927.819
1922.926
1921.374
1923.613
1939.963
1924.164
1917.821
1904.226
1907.67
1919.407
1921.374
1927.259
1897.976
1898.561
1903.667
1919.941
1911.749
1912.156
1927.463
1911.638
1933.45
1922.697
1900.291
1905.083
1924.766
1934.425
1921.23
1900.885
1900.037
1916.633
1922.875
1924.978
1906.372
1903.65
1924.52
1919.907
1912.469
1899.062
1898.231
1909.578
1926.878
1924.334
1913.436
1910.85
1923.715
1928.625
1927.09
1910.46
1902.819
1914.971
1916.031
1915.429
1888.817
1886.104
1903.166
1916.226
1903.989
1897.578
1899.426
1910.197
1927.658
1916.286
1902.844
1904.71
1911.859
1917.125
1908.407
1900.987
1911.774
1915.828
1922.671
1916.803
1912.283
1909.637
1912.622
1930.694
1912.325
1905.032
1895.161
1913.19
1910.638
1901.648
1891.005
1884.645
1908.797
1903.862
1902.217
1889.598
1899.986
1902.666
1896.959
1907.873
1899.214
1897.289
1915.115
1911.452
1908.789
1898.265
1905.592
1922.561
1923.231
1934.451
1909.06
1909.272
1915.361
1924.045
1913.725
1894.72
1904.379
1918.296
1925.148
1902.378
1892.506
1897.824
1908.458
1913.182
1918.787
1914.03
1915.132
1908.356
1917.108
1901.911
1907.483
1909.315
1912.995
1912.792
1897.434
1890.437
1884.543
1900.673
1920.653
1912.826
1888.945
1890.369
1905.694
1918.321
1905.363
1892.193
1894.448
1908.56
1920.17
1913.462
1898.595
1893.897
1909.705
1909.908
1900.122
1899.825
1895.5
1907.585
1906.135
