2037.129
2043.84
2046.318
2048.963
2033.935
2024.951
2031.476
2037.236
2034.689
2028.723
2034.366
2041.371
2045.789
2053.245
2032.367
2031.211
2044.545
2041.616
2042.409
2042.938
2043.085
2036.894
2041.655
2029.869
2018.926
2022.668
2028.968
2044.437
2046.837
2032.191
2026.195
2041.919
2051.373
2036.159
2023.05
2035.375
2046.847
2049.561
2031.231
2028.311
2015.624
2023.648
2044.829
2039.5
2027.126
2021.992
2048.366
2034.19
2029.987
2029.575
2029.575
2035.953
2042.919
2038.726
2047.807
2031.319
2041.939
2049.208
2041.077
2027.488
2039.304
2046.005
2064.697
2057.526
2059.25
2032.779
2047.592
2045.525
2040.724
2044.486
2053.744
2062.944
2053.01
2036.776
2017.025
2026.185
2036.541
2028.811
2026.528
2030.183
2029.477
2029.477
2058.29
2071.565
2043.516
2027.077
2031.711
2033.592
2036.756
2031.828
2030.8
2043.879
2036.649
2046.034
2028.449
2028.772
2050.384
2059.73
2048.405
2030.731
2036.041
2045.358
2055.772
2047.896
2040.91
2022.159
2047.073
2047.621
2041.723
2038.069
2023.648
2038.902
2053.029
2053.548
2039.323
2046.593
2062.042
2057.526
2049.003
2051.501
2038.089
2053.509
2062.865
2048.415
2051.325
2039.94
2028.527
2049.061
2037.501
2034.278
2031.799
2037.991
2043.222
2045.388
2048.983
2041.038
2032.994
2054.46
2045.417
2035.424
2034.562
2046.593
2035.688
2036.58
2040.646
2028.723
2036.227
2035.414
2010.628
2013.361
2014.145
2037.53
2046.671
2053.97
2038.794
2037.04
2049.453
2046.485
2047.445
2049.845
2041.322
2051.227
2056.047
2048.846
2038.716
2040.009
2040.969
2045.339
2033.896
2025.46
2031.28
2036.845
2050.188
2037.638
2028.125
2032.798
2017.927
2033.171
2034.513
2007.316
2021.904
2049.973
2063.532
2049.581
2053.715
2019.474
2038.216
2037.432
2055.802
2057.742
2030.486
2049.248
2044.104
2035.228
2026.136
2022.58
2042.595
2045.838
2060.377
2058.917
2046.71
2036.12
2038.451
2042.664
2047.171
2040.665
2060.328
2070.409
2069.067
2054.802
2051.05
2038.549
2052.196
2048.748
2049.943
2045.956
2033.141
2054.077
2055.175
2054.93
2030.741
2040.744
2045.926
2044.721
2044.888
2046.416
2063.659
2061.592
2060.994
2048.238
2038.343
2042.135
2039.313
2026.695
2030.085
2029.369
2050.345
2053.46
2030.114
2034.19
2014.537
2009.374
2019.906
2035.463
2035.091
2021.228
2048.905
2049.336
2039.578
2036.335
2047.082
2042.282
2038.961
2034.699
2020.474
2015.565
2029.448
2039.196
2050.815
2033.572
2023.726
2014.106
2031.495
2043.35
2025.588
2030.545
2046.455
2056.781
2041.802
2029.947
2022.316
2045.064
2044.976
2030.594
2027.038
2030.222
2052.138
2045.995
2044.702
2024.726
2024.148
2030.555
2022.561
2011.353
2009.883
2019.494
2034.562
2069.762
2035.532
2029.654
2013.949
2020.611
2039.568
2041.674
2044.682
2035.13
2027.528
2037.481
2036.825
2037.609
2031.76
2053.196
2029.144
2023.511
2032.936
2022.972
2028.174
2038.912
2050.227
2034.65
2016.829
2035.169
2040.078
2036.57
2029.575
2020.082
2032.289
2041.234
2040.303
2022.698
2021.326
2028.321
2038.706
2034.101
2015.85
2024.941
2018.446
2040.058
2038.579
2035.737
2030.947
2037.207
2044.506
2057.693
2051.599
2026.665
2029.987
2043.477
2044.065
2026.626
2009.913
2030.496
2044.036
2035.914
2018.975
2019.288
2027.616
2034.023
2032.71
2027.802
2021.64
2019.67
2031.877
2042.439
2046.416
2037.599
2042.654
2037.011
2029.36
2016.486
2011.892
2029.027
2056.997
2044.839
2029.644
2027.645
2031.358
2037.746
2025.803
2017.593
2032.318
2018.416
2037.756
2032.495
2035.826
2009.785
2030.212
2059.231
2052.128
2023.393
2015.791
2024.236
2042.537
2028.076
2021.228
2024.059
2010.344
2038.588
2048.65
2028.909
2034.866
2026.303
2022.61
2031.554
2015.487
2018.367
2022.884
2038.902
2039.451
2031.701
2016.046
2033.347
2057.144
2047.847
2003.28
2018.054
2034.866
2024.559
2039.735
2030.114
2023.383
2031.701
2025.911
2039.931
2034.807
2019.621
2033.327
2043.124
2042.948
2028.223
2024.275
2028.478
2047.69
2047.651
2033.053
2025.686
2047.259
2052.128
2038.706
2038.882
2038.314
2043.134
2034.288
2030.77
2008.355
2014.537
2020.023
2047.112
2045.427
2028.919
2021.718
2034.758
2050.012
2051.912
2029.007
2027.684
2033.533
2040.087
2036.854
2032.583
2041.214
2030.839
2040.303
2037.236
2013.283
2015.409
2024.295
2043.644
2052.686
2023.481
2038.177
2044.153
2041.459
2058.006
2047.778
2026.528
2022.717
2033.445
2041.704
2017.182
2032.73
2033.151
2052.275
2042.38
2025.647
2024.265
2034.415
2042.723
2034.924
2018.994
2025.627
2035.061
2036.227
2031.809
2024.98
2038.863
2046.181
2037.197
2032.416
2010.128
2007.434
2018.191
2043.144
2018.142
2019.474
2022.11
2024.677
2031.613
2010.892
2003.564
2010.5
2032.985
2022.502
2031.446
2006.65
2005.935
2017.75
2033.053
2051.687
2030.261
2009.932
2019.034
2026.44
2008.032
2007.062
1999.175
1999.528
2024.079
2014.086
2011.862
1999.655
2011.51
2023.119
2014.674
2019.974
2025.029
2028.889
2033.043
2039.176
2032.034
2020.356
2013.978
2027.263
2031.192
2020.493
2008.512
2015.203
2021.914
2025.343
1998.352
2011.97
2014.125
2013.244
2021.728
1993.248
1998.666
2019.808
2036.364
2030.77
2016.183
2010.843
2021.983
2025.039
2014.262
2028.145
2023.57
2018.544
2023.011
2023.393
2009.207
1994.531
2013.861
2014.968
2020.16
2005.004
2011.323
2010.246
2015.82
2023.364
2008.835
2005.994
2026.323
2024.069
2032.563
2014.703
2012.607
2021.346
2029.203
2023.315
2021.914
2011.196
2019.7
2012.342
2008.992
2012.166
2000.302
2005.945
2020.101
2023.775
2008.923
2008.717
2017.642
2022.825
2013.812
2001.438
1995.687
1995.589
2001.242
2015.85
2038.324
2004.857
2002.741
2022.198
2021.943
2009.197
2008.306
2001.703
2011.412
2002.575
1993.757
1994.051
2011.676
2032.348
2021.61
2019.151
2015.918
2012.959
2008.237
2016.937
2009.55
2010.304
2017.28
2032.563
2016.516
2013.342
2021.218
2021.738
2015.85
2018.779
2013.831
2006.18
2013.116
2035.013
2027.949
2020.562
2010.726
2023.844
2044.055
2043.898
2021.375
2015.556
2019.269
2017.525
2025.725
2022.472
2002.31
2012.685
2025.078
2031.074
2030.202
1991.102
1994.668
2014.194
2030.232
2023.805
2012.117
2023.09
2032.162
2024.099
2005.906
2009.971
2014.919
2025.656
2024.275
2026.744
2006.817
2015.497
2026.136
2023.756
2013.969
2019.239
2021.659
2012.362
2025.588
2024.187
2024.206
2012.715
2023.207
2036.541
2029.183
2018.416
2018.632
2029.507
2037.863
2039.284
2020.288
2018.965
2028.498
2038.099
2037.687
2026.969
2023.668
2036.511
2008.913
1996.941
1995.511
2004.319
2006.2
2010.706
2001.722
2001.33
2012.656
2022.002
2021.228
2000.155
1997.755
2011.95
2028.958
2018.103
1997.95
1992.298
2002.545
2024.236
2014.968
1999.342
1986.762
1996.794
1995.638
2016.202
2009.795
2009.668
2012.793
2004.857
2000.645
1990.358
1984.734
1994.894
2010.226
2002.575
1982.501
1994.188
1998.235
2012.92
1998.284
1981.521
1986.174
1988.428
1998.626
2000.312
1993.855
1987.242
1998.382
2005.906
2016.868
2004.416
1987.135
1999.538
1996.804
1993.679
1995.913
1999.214
1996.598
2023.207
1986.792
1992.425
2012.656
1986.41
1997.069
1997.774
1979.003
1976.867
1999.861
2004.652
2025.333
2017.329
2016.506
2019.788
2025.382
2012.666
1994.737
1979.787
1987.468
1999.224
2015.232
1993.816
1989.976
1994.424
2000.331
2000.713
1998.47
1989.594
1999.42
2007.15
2016.241
2006.298
2010.834
2002.878
2004.818
2019.455
2008.57
1995.158
1999.498
1995.09
2001.644
1985.469
1978.739
1994.913
2011.029
1998.646
1982.52
1975.084
1995.58
2007.698
2012.215
2001.81
1995.766
2006.993
2026.274
2015.105
1978.797
1981.717
2004.936
2010.226
2010.275
1992.19
1992.229
2002.046
2001.84
2002.947
1989.986
1990.662
1998.068
2006.65
2001.84
2010.863
1985.018
2001.399
2013.42
2010.255
1993.64
1990.691
2002.065
2006.513
2011.803
1992.405
1993.865
1994.766
1995.433
2006.542
1987.428
1983.774
1994.394
2009.384
2012.607
1990.554
1988.34
1995.266
2011.568
2011.402
2002.722
2011.294
2001.781
1998.754
1987.174
1985.205
1975.917
1981.207
2005.171
2001.771
1995.874
2006.219
2004.799
2007.649
1989.202
1982.804
1985.146
1973.801
1998.607
2009.893
2002.232
1987.977
1991.876
1999.165
2002.633
1983.715
1990.152
2005.671
2012.999
2016.633
2005.406
1996.765
1995.452
2020.572
2017.848
1994.473
1996.892
1995.482
2025.402
2021.718
1976.75
1998.362
2005.984
2016.722
2022.365
2009.462
1986.792
1987.399
2012.401
2026.479
2002.545
1982.265
2003.28
2007.169
2004.328
1985.312
1984.519
1977.318
2005.896
1998.754
1982.589
1986.243
1993.199
2009.001
2003.692
1979.885
1981.883
2001.321
2015.85
2006.493
2010.794
1983.392
1976.642
1988.34
2002.163
1994.12
1979.101
1995.717
2008.992
2003.447
2006.405
1996.177
2009.766
2002.771
2024.138
2000.282
2000.106
2005.034
2015.81
2017.28
2011.186
1992.092
2001.056
2018.044
2012.195
2005.778
1994.375
2015.389
2010.432
2005.063
1987.801
1991.034
2002.751
2004.554
2005.053
2011.255
2002.888
2013.459
2017.368
2009.501
2000.4
2007.414
1993.699
2000.792
2008.943
1998.675
1989.378
1988.869
2007.042
2021.767
2007.708
2000.331
1991.788
2020.395
1990.662
1989.496
2004.603
2003.878
1999.185
1999.449
2004.348
1997.039
2003.554
2001.546
1997.059
2000.625
2002.006
2007.865
2006.474
2005.641
1996.736
1996.109
1990.456
2010.843
2011.96
2003.545
1991.181
2020.64
2023.266
2026.43
1998.813
1991.24
2009.06
2007.483
2007.454
2007.61
1995.129
2002.771
1997.647
2003.251
1983.951
1980.737
1992.366
2001.801
2009.962
1982.922
1978.278
1991.818
2008.002
2007.463
2009.119
1999.841
1998.783
2009.354
2004.446
2011.48
1988.438
1999.253
2008.57
2017.878
1982.403
1982.51
2001.468
2009.197
1994.061
1991.073
1987.977
2008.286
2039.744
2001.183
1995.991
1987.683
2007.473
2021.973
2019.651
2022.854
2009.677
1991.916
2004.054
2002.506
1997.784
1984.362
1997.745
2002.261
2006.307
1994.796
1996.52
2013.939
2016.212
2019.063
2017.672
1997.421
2009.305
2005.239
2000.302
1994.688
2001.879
2004.387
2015.281
2018.945
2004.877
1990.642
2001.997
2006.513
2025.392
2002.702
1994.806
2015.624
2022.335
2019.269
2012.039
2009.168
2012.039
2005.23
2013.939
1996.736
1992.621
2000.88
2021.238
2027.332
2021.6
1995.874
2003.192
1998.685
2010.608
1999.244
1999.763
2010.883
2019.455
2025.598
2009.893
2004.025
2005.817
1996.285
2001.242
2012.548
1998.881
1996.226
2010.314
2017.535
1997.823
1995.609
1996.706
1999.88
2009.619
1998.127
1990.515
2018.857
2017.995
2019.523
1994.492
1982.363
1997.696
2013.518
2016.31
2008.952
2002.134
2005.406
2016.624
2018.612
2002.643
1983.529
2002.477
2017.613
2015.771
2009.295
1997.98
2001.556
2009.148
1999.959
1984.039
1996.951
2011.999
2009.011
1999.351
2004.407
2000.723
2007.111
2024.402
2030.163
2018.642
2002.32
1998.528
2010.099
2018.544
1999.136
1989.829
1987.321
2008.874
2007.493
1979.571
1983.069
1993.199
2009.628
2010.06
2018.798
1999.371
1998.117
2010.491
2027.312
2020.464
1995.913
2006.542
2016.868
2018.945
2007.228
2004.24
1980.091
1998.186
2007.738
1997.372
1993.052
1980.316
1991.827
1994.218
1992.141
1994.179
2002.741
2007.659
2009.286
2004.26
2018.563
2033.396
2018.887
2008.59
2015.164
2014.88
2012.587
2010.402
1991.965
1992.768
1991.671
1998.95
1999.4
2001.908
1995.08
1981.864
2007.757
2004.573
2019.034
2009.707
1997.47
2007.248
2013.978
2013.831
1997.921
1996.03
2014.096
2006.709
1992.611
1994.139
1992.278
1999.939
2011.803
2001.448
1996.167
1986.733
1990.505
2010.442
2019.21
1996.775
1992.964
2003.554
2013.949
2009.482
2006.856
1998.362
2013.4
2033.631
2019.572
1986.302
1980.208
2007.248
2012.959
2023.148
1983.696
1977.171
1989.554
1989.966
1991.465
1989.261
1982.001
1979.846
1992.464
2013.714
1994.796
