2124.88
2146.228
2155.437
2154.84
2141.398
2148.697
2148.423
2157.171
2159.738
2149.657
2130.641
2138.9
2151.803
2140.879
2139.811
2142.378
2139.85
2133.394
2145.434
2136.196
2143.495
2147.835
2156.819
2151.352
2164.597
2154.193
2168.614
2166.763
2145.581
2144.347
2141.369
2165.107
2141.721
2139.155
2141.134
2135.206
2147.178
2149.108
2147.727
2141.33
2138.988
2147.864
2151.362
2150.529
2128.153
2130.719
2147.982
2150.558
2145.65
2138.821
2148.765
2156.672
2150.421
2140.409
2137.969
2126.673
2160.6
2164.323
2151.224
2133.208
2132.404
2121.285
2136.931
2146.551
2137.323
2141.153
2150.157
2146.15
2139.987
2132.248
2120.109
2141.702
2154.409
2158.827
2158.445
2144.151
2150.725
2147.296
2151.881
2140.418
2127.78
2141.908
2147.717
2134.609
2126.575
2122.637
2141.721
2151.509
2149.294
2133.012
2137.577
2136.764
2146.688
2138.273
2124.057
2139.155
2133.629
2143.426
2145.268
2130.641
2125.272
2142.515
2152.929
2143.024
2117.356
2130.533
2154.712
2152.88
2134.932
2142.27
2139.38
2150.656
2154.105
2154.81
2154.908
2158.621
2155.663
2171.318
2148.834
2140.947
2140.32
2137.538
2146.62
2138.312
2136.362
2132.532
2143.475
2147.462
2128.27
2131.993
2139.811
2152.586
2157.534
2142.75
2150.206
2145.65
2151.871
2163.118
2148.599
2133.492
2136.294
2144.719
2129.847
2123.695
2124.969
2123.107
2122.225
2141.222
2141.672
2137.763
2136.568
2136.108
2136.304
2138.753
2129.74
2138.919
2144.651
2149.755
2147.266
2136.451
2142.535
2171.171
2125.076
2137.969
2121.216
2125.586
2145.905
2149.314
2140.311
2143.279
2137.989
2148.765
2148.932
2161.835
2149.892
2149.98
2148.883
2138.194
2134.178
2135.647
2134.031
2117.366
2118.875
2126.007
2118.032
2116.71
2135.206
2137.852
2127.947
2125.4
2128.633
2132.973
2137.372
2144.131
2135.882
2137.999
2141.702
2143.945
2131.239
2126.183
2120.521
2132.169
2145.425
2125.086
2115.524
2105.855
2123.097
2133.678
2128.192
2114.025
2126.203
2139.341
2148.521
2126.33
2149.539
2122.95
2144.092
2138.381
2129.465
2116.181
2107.765
2125.302
2140.928
2140.732
2128.3
2116.768
2136.029
2147.698
2145.689
2127.672
2108.333
2128.309
2139.684
2130.915
2120.472
2116.739
2129.015
2139.037
2126.291
2120.158
2112.908
2131.19
2137.509
2124.743
2116.935
2123.313
2125.076
2123.891
2109.225
2107.06
2103.484
2129.877
2140.712
2129.446
2111.331
2114.104
2128.27
2135.53
2120.305
2121.491
2125.527
2125.106
2139.546
2129.603
2126.957
2124.126
2144.151
2135.108
2147.247
2141.535
2122.715
2140.849
2142.73
2128.525
2130.376
2126.027
2144.416
2138.792
2135.657
2125.713
2110.9
2114.897
2115.799
2122.098
2108.118
2116.21
2139.86
2140.124
2147.129
2143.936
2147.335
2148.942
2140.458
2134.932
2149.51
2139.439
2151.616
2144.141
2138.194
2122.97
2113.486
2147.022
2151.411
2133.031
2129.083
2124.675
2143.426
2151.195
2148.863
2138.39
2141.183
2147.276
2150.411
2153.35
2141.839
2124.077
2123.156
2135.794
2131.807
2121.824
2121.402
2144.847
2140.35
2115.554
2129.475
2129.622
2134.815
2143.857
2151.822
2145.003
2141.202
2160.394
2168.35
2169.702
2133.012
2128.466
2132.551
2152.645
2148.04
2126.565
2131.121
2143.24
2134.756
2139.282
2132.512
2136.764
2135.931
2153.83
2128.819
2130.269
2129.073
2134.56
2146.542
2144.768
2133.041
2124.704
2157.72
2170.387
2122.431
2123.558
2123.303
2136.215
2143.994
2132.493
2120.08
2120.168
2143.328
2156.035
2134.07
2121.197
2110.263
2130.435
2132.61
2127.261
2121.569
2093.804
2109.705
2104.258
2116.034
2116.23
2123.754
2120.805
2133.737
2162.236
2120.325
2110.528
2120.452
2145.856
2142.652
2123.362
2107.383
2119.972
2127.721
2108.147
2104.826
2112.252
2128.476
2136.382
2127.026
2119.727
2114.329
2122.96
2138.116
2127.653
2129.71
2136.509
2148.099
2143.857
2129.985
2136.49
2135.353
2127.349
2121.745
2132.796
2128.887
2115.025
2127.31
2138.018
2142.946
2129.338
2124.371
2127.016
2140.291
2150.372
2142.877
2123.293
2130.974
2147.531
2138.763
2135.285
2135.608
2136.882
2133.374
2137.332
2131.474
2132.267
2148.628
2132.63
2130.641
2106.707
2122.392
2138.792
2149.236
2138.067
2136.882
2133.041
2138.959
2134.55
2132.649
2129.171
2120.286
2135.001
2131.581
2133.247
2133.257
2133.384
2142.584
2150.539
2130.21
2111.899
2113.477
2137.714
2140.928
2147.031
2137.185
2125.115
2130.553
2139.057
2130.631
2109.411
2102.867
2116.602
2122.127
2123.793
2120.491
2131.003
2131.846
2138.312
2120.942
2120.893
2110.391
2134.912
2136.999
2131.699
2123.068
2111.449
2124.89
2130.053
2128.074
2113.81
2103.915
2115.436
2129.73
2128.006
2120.589
2115.799
2132.591
2139.938
2134.09
2138.89
2114.77
2148.031
2136.529
2148.618
2134.785
2120.246
2126.957
2141.741
2127.947
2106.854
2102.416
2114.985
2135.804
2131.934
2127.496
2121.02
2134.599
2143.622
2128.593
2122.255
2125.351
2138.214
2141.094
2132.796
2122.764
2118.62
2129.407
2141.594
2119.051
2127.849
2111.076
2116.543
2136.294
2144.68
2133.041
2143.132
2143.887
2159.278
2159.248
2136.666
2137.293
2146.101
2158.053
2147.874
2132.042
2127.741
2136.323
2133.149
2141.369
2125.87
2136.509
2153.213
2135.373
2127.428
2119.257
2118.894
2116.749
2128.799
2135.089
2128.339
2120.276
2129.348
2139.194
2143.867
2119.757
2132.228
2130.896
2140.399
2138.567
2140.497
2119.874
2137.342
2152.949
2152.89
2138.675
2126.507
2125.831
2134.707
2140.624
2144.866
2142.26
2153.693
2172.425
2156.201
2153.096
2143.328
2142.73
2149.275
2139.664
2138.802
2132.6
2137.303
2139.331
2152.831
2152.145
2148.854
2139.762
2139.027
2146.786
2136.578
2114.966
2127.036
2144.827
2131.258
2128.251
2136.353
2143.191
2118.689
2125.409
2120.109
2127.192
2141.427
2142.564
2138.42
2128.721
2126.575
2141.584
2146.963
2141.535
2133.609
2128.368
2132.228
2135.451
2142.975
2134.815
2115.867
2137.087
2139.772
2129.397
2119.041
2116.925
2108.588
2124.714
2141.908
2133.835
2123.156
2127.31
2140.477
2132.346
2122.509
2127.437
2138.733
2137.999
2128.701
2113.79
2112.879
2125.282
2148.511
2136.225
2148.442
2127.575
2131.366
2142.73
2140.644
2121.011
2123.666
2131.944
2146.806
2133.747
2125.302
2131.934
2139.488
2147.11
2131.503
2132.532
2121.285
2128.74
2139.733
2148.276
2139.782
2134.54
2138.841
2151.43
2155.163
2121.922
2121.079
2135.314
2141.947
2140.33
2121.383
2120.687
2127.369
2140.262
2138.43
2126.046
2120.511
2126.507
2142.339
2138.008
2137.332
2133.031
2141.682
2151.029
2142.858
2147.805
2134.991
2138.831
2139.321
2135.628
2122.333
2116.357
2130.915
2139.4
2125.292
2116.034
2124.508
2125.831
2135.481
2145.287
2121.814
2116.621
2126.487
2134.09
2144.651
2145.072
2123.097
2135.05
2143.583
2139.321
2131.934
2128.397
2140.654
2134.285
2121.961
2121.53
2119.884
2131.317
2143.642
2151.969
2132.493
2146.532
2134.844
2134.217
2133.512
2126.046
2132.453
2129.877
2142.554
2140.516
2121.461
2133.952
2140.595
2155.535
2134.403
2106.148
2120.54
2122.794
2126.409
2137.626
2138.185
2128.613
2128.672
2135.059
2152.743
2126.281
2114.143
2123.842
2127.192
2130.092
2122.451
2110.743
2116.475
2121.118
2135.912
2146.022
2142.201
2136.666
2115.387
2130.181
2126.654
2127.692
2120.129
2141.78
2136.568
2134.628
2122.784
2128.319
2135.647
2130.132
2123.812
2122.382
2125.713
2131.425
2125.4
2117.934
2111.762
2119.531
2135.01
2115.632
2113.428
2109.999
2108.343
2130.376
2131.082
2127.134
2113.633
2123.577
2135.383
2121.187
2113.388
2127.369
2140.027
2166.4
2130.719
2129.269
2107.863
2119.766
2140.84
2133.845
2135.108
2133.825
2130.357
2139.938
2136.431
2126.771
2126.291
2140.369
2152.018
2134.589
2123.842
2114.221
2106.658
2127.829
2140.389
2126.183
2114.956
2126.781
2147.041
2155.702
2134.824
2133.051
2149.324
2150.558
2122.823
2119.472
2129.309
2123.303
2126.957
2128.505
2126.154
2124.253
2125.086
2149.98
2137.362
2124.146
2123.773
2125.684
2132.973
2143.838
2130.602
2120.668
2131.67
2143.289
2145.483
2141.3
2140.183
2124.91
2143.847
2131.092
2121.716
2120.021
2131.915
2143.338
2147.6
2117.484
2107.442
2125.282
2134.462
2142.162
2110.538
2117.346
2121.657
2127.359
2124.165
2113.369
2113.349
2118.924
2130.7
2136.637
2121.02
2125.625
2121.961
2130.004
2138.567
2124.733
2133.365
2129.397
2146.336
2139.204
2145.356
2135.412
2129.887
2137.92
2136.519
2118.816
2099.82
2106.403
2108.931
2106.746
2112.85
2109.999
2114.554
2119.884
2134.423
2125.821
2121.882
2133.384
2135.422
2118.454
2116.004
2124.684
2140.526
2145.043
2134.276
2107.148
2115.985
2127.467
2139.791
2129.436
2116.788
2110.018
2116.239
2128.417
2138.684
2115.906
2118.15
2129.328
2146.052
2151.538
2141.045
2131.209
2128.182
2127.173
2129.994
2122.088
2120.09
2120.393
2111.586
2115.799
2104.493
2099.202
2120.344
2129.691
2132.502
2114.29
2108.284
2118.209
2124.008
2133.031
2124.038
2117.2
2130.171
2129.573
2115.348
2135.461
2125.752
2120.344
2130.827
2133.453
2118.199
2117.278
2121.912
2131.141
2136.47
2124.959
2131.101
2128.358
2142.691
2133.658
2114.927
2110.185
2127.712
2143.553
2156.642
2123.763
2115.025
2119.786
2118.787
2125.586
2125.84
2111.792
2117.435
2126.428
2132.953
2109.969
2118.179
2130.494
2132.64
2119.257
2124.9
2126.771
2117.072
2121.863
2122.676
2112.389
2101.838
2116.308
2128.975
2125.556
2119.296
2122.519
2122.794
2114.564
2131.415
2120.638
2103.219
2117.778
2127.986
2122.392
2111.527
2114.966
2120.197
2128.74
2135.334
2118.787
2121.167
2131.376
2114.26
2127.428
2121.765
2122.421
2114.094
2126.232
2143.299
2134.148
2114.623
2106.08
2123.528
2124.381
2114.721
2107.941
2116.249
2129.073
2128.936
2118.297
2113.535
2128.074
2135.53
2141.359
2127.359
2128.153
2118.591
2126.252
2136.48
2120.482
2113.673
2127.721
2131.915
2145.092
2128.515
2105.482
2112.409
2128.907
2121.52
2113.428
2116.328
2116.729
2121.353
2129.593
2124.969
2112.712
2127.966
2137.44
2133.149
2132.571
2123.234
2123.411
2136.97
2139.351
2123.47
2114.378
2119.678
2127.3
2139.635
2126.105
2118.316
2121.05
2130.798
2138.88
2143.887
2131.679
2130.337
2137.489
2142.084
2134.099
2133.051
2137.744
2137.871
2143.015
2122.98
2108.784
2114.388
2129.906
2116.259
2106.119
2104.992
2115.789
2125.272
2116.857
2121.608
2128.535
2129.72
2127.349
2129.426
2122.137
2119.423
2116.514
2114.064
2120.06
2117.915
2110.351
2121.471
2146.698
2139.909
2102.357
2111.067
2109.499
2112.379
2122.823
2115.377
2112.83
2114.29
2116.994
2128.29
2117.317
2109.146
2125.899
2134.236
2149.559
2135.549
2105.884
2106.188
2125.321
2127.751
2098.272
2104.669
2124.92
2134.658
2126.781
2118.777
2102.837
2111.272
2124.106
2122.167
2116.592
2118.375
2118.894
2122.774
2123.891
2120.227
2122.206
2130.249
2141.134
2153.027
2164.059
2129.936
2086.368
2113.771
2124.537
2131.621
2109.636
2116.2
2123.509
2121.598
2120.864
2103.846
2101.946
2112.056
2125.311
2108.754
2106.403
2121.52
2126.389
2120.785
2115.328
2128.407
2129.847
2119.433
2109.137
2110.44
2098.095
2101.857
2118.698
2117.366
2114.76
2106.178
2114.358
2116.651
2124.929
2122.666
2118.659
2132.933
2135.98
2145.003
2132.6
2118.571
2124.537
2142.27
2136.059
2118.081
2111.703
2122.647
2123.773
2111.968
2115.945
2105.335
2096.685
2107.667
2115.975
2115.025
2102.808
2114.113
2117.866
2129.338
2116.19
2097.988
2085.065
2113.849
2117.435
2138.214
2119.267
2099.075
2108.745
2097.351
2101.867
2111.498
2111.449
2109.254
2117.699
2113.849
2113.506
2111.292
2133.609
2144.592
2138.89
2131.915
2125.556
2118.934
2124.204
2120.07
2111.978
2121.638
2127.369
2125.635
2125.909
2099.271
2109.617
2124.479
2128.789
2101.132
2099.722
2114.162
2112.82
2130.181
2112.85
