2100.946
2117.425
2112.281
2098.575
2103.043
2119.404
2122.745
2121.638
2114.721
2107.981
2112.81
2109.166
2103.964
2093.491
2092.766
2111.214
2112.801
2099.78
2103.092
2111.654
2103.082
2110.802
2109.499
2097.606
2121.785
2135.98
2130.455
2138.537
2121.961
2095.45
2091.345
2098.987
2090.483
2102.739
2111.478
2108.823
2113.555
2115.397
2111.86
2110.567
2113.506
2125.576
2115.201
2102.641
2107.794
2116.847
2118.777
2124.684
2107.403
2110.92
2129.681
2133.717
2125.498
2099.477
2126.791
2112.987
2111.615
2105.296
2087.279
2103.219
2118.757
2113.731
2108.294
2102.788
2111.988
2092.54
2110.596
2106.305
2110.538
2105.326
2120.864
2112.291
2115.446
2114.505
2099.457
2116.396
2106.873
2094.392
2093.383
2101.113
2114.966
2114.417
2108.402
2113.232
2117.523
2115.622
2111.419
2112.615
2120.952
2109.313
2116.014
2116.945
2109.764
2112.517
2122.833
2119.423
2131.366
2121.785
2115.838
2098.291
2129.818
2128.887
2127.555
2110.312
2125.115
2138.792
2129.789
2116.514
2114.897
2124.214
2126.223
2137.283
2122.617
2116.161
2123.528
2134.031
2116.7
2112.771
2119.198
2121.54
2125.243
2119.747
2117.699
2119.414
2124.802
2100.515
2102.749
2102.239
2090.15
2104.816
2119.551
2110.106
2112.115
2097.106
2105.228
2118.826
2122.901
2107.089
2098.389
2115.172
2128.133
2126.115
2109.048
2115.867
2120.648
2131.062
2108.245
2099.614
2098.37
2115.72
2120.883
2125.635
2118.728
2110.097
2110.988
2118.924
2110.195
2112.066
2107.579
2114.192
2122.029
2111.253
2107.559
2097.086
2107.755
2115.191
2101.24
2101.005
2113.869
2129.358
2136.891
2125.478
2121.314
2120.05
2131.836
2138.743
2147.796
2127.594
2118.963
2126.369
2111.772
2112.164
2106.511
2112.585
2119.708
2111.067
2112.056
2112.536
2103.376
2106.119
2118.503
2119.992
2116.778
2110.253
2123.666
2138.067
2139.821
2127.006
2123.293
2112.448
2117.895
2110.508
2099.692
2092.746
2112.046
2127.437
2111.978
2112.321
2098.144
2105.247
2123.577
2134.844
2130.984
2093.843
2091.257
2106.589
2101.544
2109.401
2105.531
2126.997
2131.552
2119.365
2097.88
2101.123
2114.976
2126.154
2122.421
2103.591
2100.515
2113.927
2130.376
2126.84
2103.131
2114.162
2134.334
2122.46
2106.286
2109.186
2109.597
2118.532
2135.853
2133.521
2124.204
2127.457
2132.473
2134.197
2134.912
2120.158
2105.002
2103.65
2124.4
2115.936
2117.219
2112.859
2113.467
2118.64
2096.969
2098.673
2096.871
2112.164
2124.91
2117.582
2112.468
2096.283
2117.738
2120.266
2118.649
2111.909
2103.111
2114.652
2142.231
2131.013
2112.203
2112.379
2119.12
2122.921
2122.813
2119.423
2115.593
2137.607
2138.841
2114.75
2095.44
2095.871
2104.64
2112.85
2108.999
2103.533
2093.285
2118.15
2144.66
2125.194
2108.039
2104.414
2136.215
2135.931
2127.212
2114.594
2101.475
2091.012
2103.503
2112.781
2103.65
2096.714
2113.095
2129.985
2127.516
2100.75
2109.646
2122.882
2133.08
2105.668
2098.83
2101.279
2109.058
2132.757
2112.859
2106.531
2107.109
2112.007
2112.007
2115.113
2108.862
2102.867
2108.363
2124.351
2115.906
2116.426
2115.142
2124.684
2113.359
2110.851
2117.405
2109.832
2109.607
2111.899
2125.341
2112.81
2106.002
2123.822
2122.823
2116.22
2104.512
2113.996
2124.488
2136.157
2126.193
2117.141
2097.439
2110.381
2105.845
2108.235
2102.494
2099.31
2092.354
2114.358
2103.974
2101.328
2112.507
2105.09
2128.476
2126.663
2115.123
2108.402
2119.629
2120.305
2130.053
2100.711
2101.985
2111.664
2119.639
2109.813
2092.668
2094.245
2102.259
2117.278
2116.171
2094.137
2100.839
2120.442
2125.066
2136.794
2122.784
2125.537
2100.035
2094.196
2099.134
2111.811
2106.148
2112.066
2120.295
2121.246
2119.659
2129.475
2124.537
2135.51
2113.722
2122.99
2108.519
2108.784
2123.489
2134.139
2125.694
2100.309
2109.068
2116.053
2116.494
2116.396
2111.067
2111.576
2137.891
2134.648
2124.616
2130.964
2122.539
2113.947
2117.229
2108.97
2086.398
2103.582
2107.265
2114.143
2115.524
2134.246
2115.554
2116.69
2120.628
2109.411
2115.877
2116.866
2133.58
2136.94
2108.568
2097.87
2104.777
2114.417
2113.565
2109.842
2117.895
2112.105
2110.057
2108.03
2104.228
2112.017
2124.41
2148.746
2137.313
2120.971
2113.81
2115.416
2132.287
2133.805
2113.369
2096.391
2111.733
2124.616
2121.471
2108.941
2115.916
2112.399
2123.039
2128.623
2111.507
2103.307
2112.987
2122.901
2120.05
2098.781
2107.226
2121.432
2127.819
2123.499
2110.479
2099.771
2097.517
2111.968
2121.951
2107.54
2110.322
2122.265
2122.862
2125.125
2103.65
2103.494
2102.044
2119.12
2113.271
2101.906
2114.505
2101.554
2106.021
2100.927
2104.091
2093.04
2097.606
2122.098
2115.221
2103.983
2102.259
2099.908
2109.597
2116.7
2090.121
2098.37
2103.709
2124.939
2123.499
2110.871
2100.868
2131.709
2128.966
2117.043
2113.526
2108.294
2111.792
2108.921
2114.897
2091.394
2086.75
2118.473
2107.03
2113.026
2089.885
2087.074
2099.751
2099.898
2117.944
2108.343
2099.359
2109.881
2120.922
2122.568
2102.504
2101.828
2133.737
2120.658
2112.859
2104.473
2099.477
2110.155
2120.677
2125.439
2115.093
2096.773
2123.088
2125.684
2117.582
2099.065
2103.807
2107.657
2112.693
2127.81
2113.212
2118.365
2100.721
2095.303
2103.621
2122.02
2107.344
2088.857
2117.395
2116.122
2104.806
2093.226
2085.732
2099.055
2096.41
2096.949
2088.582
2110.204
2111.155
2101.377
2089.601
2076.17
2091.169
2106.462
2111.752
2107.187
2097.909
2113.918
2125.997
2123.754
2125.213
2135.598
2140.487
2127.888
2110.508
2088.788
2091.737
2102.631
2103.993
2107.873
2099.751
2106.256
2125.615
2118.522
2110.616
2111.772
2102.279
2099.967
2121.657
2131.376
2121.843
2126.82
2114.505
2130.474
2116.259
2114.496
2119.59
2129.416
2118.551
2114.613
2111.4
2119.414
2109.362
2134.139
2126.85
2118.689
2117.151
2130.749
2112.232
2117.895
2105.531
2092.501
2100.456
2115.671
2112.722
2100.564
2097.645
2116.524
2125.831
2110.831
2096.538
2101.564
2105.257
2121.363
2120.697
2114.309
2115.671
2119.864
2115.691
2122.48
2107.971
2103.435
2107.138
2113.888
2122.764
2128.202
2106.139
2106.913
2134.726
2139.84
2125.458
2120.227
2118.483
2131.738
2120.922
2112.468
2093.52
2102.514
2125.184
2120.335
2114.887
2106.903
2140.271
2146.238
2110.498
2102.671
2113.594
2107.06
2120.952
2120.726
2099.829
2105.766
2098.419
2110.978
2110.812
2097.331
2102.622
2114.221
2125.047
2138.057
2124.949
2119.825
2117.582
2132.404
2138.243
2116.043
2103.405
2108.284
2110.567
2121.491
2105.776
2101.27
2096.861
2122.48
2123.127
2109.695
2108.843
2115.632
2131.131
2142.525
2144.141
2108.99
2118.15
2115.123
2126.467
2123.372
2107.471
2120.638
2126.526
2126.575
2109.166
2107.324
2122.862
2121.598
2130.7
2127.467
2119.247
2116.778
2117.778
2122.059
2118.571
2106.051
2120.619
2133.169
2135.167
2089.778
2114.75
2113.153
2105.698
2109.372
2108.813
2103.778
2104.826
2115.475
2119.071
2112.556
2095.793
2094.304
2106.413
2111.586
2110.851
2095.097
2108.696
2106.971
2121.461
2108.059
2102.533
2107.824
2121.304
2128.642
2111.752
2107.99
2122.833
2119.512
2129.554
2110.822
2110.116
2111.429
2112.634
2109.901
2104.797
2103.66
2097.557
2108.431
2121.941
2113.918
2109.646
2102.749
2134.139
2120.991
2109.068
2106.266
2111.674
2122.431
2117.229
2111.576
2111.125
2116.377
2120.256
2125.38
2105.58
2091.708
2106.785
2116.279
2113.408
2109.587
2104.65
2118.326
2119.316
2128.897
2118.503
2092.501
2100.261
2104.894
2121.971
2112.889
2104.307
2102.769
2117.444
2109.244
2100.574
2086.839
2106.188
2127.124
2131.248
2110.253
2115.661
2122.353
2118.757
2114.447
2114.025
2121.833
2118.6
2116.514
2111.743
2110.733
2107.256
2107.598
2124.92
2129.72
2121.383
2115.916
2122.137
2125.468
2135.461
2101.368
2096.312
2113.006
2113.82
2122.588
2093.099
2089.278
2110.831
2111.184
2114.045
2117.778
2095.803
2103.2
2108.147
2117.229
2111.125
2117.827
2119.825
2133.267
2143.142
2129.514
2107.011
2120.011
2128.29
2141.565
2131.239
2120.384
2110.802
2138.9
2133.835
2104.669
2105.365
2097.772
2121.285
2117.033
2100.897
2101.025
2098.585
2116.533
2122.216
2105.286
2109.695
2109.029
2111.703
2125.733
2123.225
2105.904
2107.765
2123.705
2125.096
2107.549
2101.661
2104.826
2115.818
2112.458
2118.816
2112.419
2115.309
2131.601
2131.689
2115.887
2113.271
2119.325
2130.327
2128.397
2131.875
2128.446
2128.995
2108.265
2112.125
2106.197
2105.717
2103.934
2130.612
2128.613
2127.261
2098.918
2108.304
2117.151
2123.607
2116.827
2103.631
2117.876
2128.486
2135.197
2107.902
2099.643
2106.462
2123.019
2134.55
2110.851
2092.345
2102.308
2128.809
2135.882
2123.205
2123.195
2134.246
2127.045
2126.291
2123.715
2111.703
2106.815
2120.579
2132.228
2115.23
2117.043
2124.293
2113.114
2125.811
2129.24
2131.964
2133.267
2120.315
2143.22
2126.262
2113.535
2118.267
2125.723
2135.716
2130.523
2132.493
2123.91
2126.614
2108.274
2106.246
2105.404
2105.1
2117.65
2132.885
2119.296
2122
2136.901
2131.072
2135.246
2108.127
2117.405
2103.396
2119.296
2121.892
2118.346
2105.806
2110.342
2119.884
2132.14
2123.411
2116.004
2116.504
2125.115
2120.001
2117.141
2113.682
2117.013
2127.917
2123.146
2128.897
2121.177
2123.695
2125.791
2131.484
2119.443
2106.844
2123.009
2154.399
2164.96
2127.428
2118.14
2129.603
2143.122
2124.841
2119.051
2112.722
2112.458
2127.633
2133.952
2119.296
2102.063
2116.857
2134.403
2128.153
2139.968
2132.63
2148.05
2112.291
2116.23
2125.948
2117.376
2114.496
2135.118
2129.318
2123.127
2123.107
2128.172
2122.637
2130.122
2123.372
2113.095
2123.381
2137.058
2127.339
2123.715
2116.239
2124.773
2119.414
2116.2
2120.237
2117.866
2105.502
2122.901
2148.824
2131.307
2093.648
2100.074
2117.082
2125.164
2121.902
2116.71
2097.811
2118.591
2133.717
2111.204
2104.356
2100.741
2122.314
2124.439
2131.327
2118.571
2114.064
2128.476
2139.057
2130.239
2134.472
2143.612
2142.388
2144.847
2119.433
2094.696
2094.578
2131.16
2123.372
2097.165
2089.014
2110.44
2113.771
2114.613
2109.94
2102.034
2109.636
2111.037
2131.248
2124.106
2115.328
2119.639
2127.271
2126.634
2135.637
2122.813
2113.692
2119.11
2128.143
2121.079
2128.662
2124.822
2139.821
2147.727
2128.525
2128.975
2130.974
2137.293
2140.595
2137.94
2114.055
2121.383
2126.624
2128.672
2111.566
2106.56
2121.902
2122.549
2133.365
2122.176
2133.962
2127.173
2106.168
2127.026
2134.521
2115.661
2103.797
2103.249
2123.332
2126.742
2128.554
2110.831
2122.353
2136.539
2115.397
2101.946
2107.765
2115.897
2122.617
2140.36
2116.514
2126.448
2149.588
2157.73
2149.069
2123.009
2138.008
2138.518
2133.678
2111.272
2103.709
2109.048
2129.828
2150.901
2115.573
2113.673
2119.952
2124.488
2134.726
2142.574
2127.594
2142.946
2154.683
2138.616
2135.716
2118.738
2115.338
2138.332
2155.222
2135.422
2126.683
2117.846
2131.552
2136.264
2126.644
2134.511
2132.101
2149.921
2147.218
2127.692
2114.731
2109.186
2123.734
2121.667
2124.439
2116.23
2126.663
2127.937
2130.327
2122.823
2122.02
2120.55
2116.377
2141.604
2128.104
2119.561
2115.691
2131.043
2123.45
2127.692
2113.79
2117.856
2120.462
2134.726
2124.234
2118.64
2117.288
2132.738
2127.153
2125.723
2123.989
2122.284
2135.422
2116.759
2099.614
2104.875
2104.875
2113.81
2107.403
2109.646
2114.711
2110.214
2110.087
2122.813
2113.614
2104.238
2099.869
2116.847
2117.16
2117.366
2101.407
2106.384
2108.676
2118.973
2115.622
2104.571
2112.027
2121.785
2134.344
2125.125
2111.978
2109.039
2111.125
2138.449
2125.184
2117.248
2096.979
2104.689
2105.198
2107.736
2101.583
2107.99
2107.598
2109.803
2097.782
2095.744
2104.894
2109.195
2122.343
2118.914
2117.65
2110.763
2125.155
2134.08
2125.801
2099.565
2097.655
