1988.82
1986.664
1998.871
1986.292
1986.39
1987.164
1977.396
1984.774
1981.384
1981.511
1984.822
1999.939
1990.24
1987.272
1989.359
1989.603
1995.511
1988.575
1975.466
1987.262
1995.531
2000.498
2008.13
2004.426
1998.685
2012.234
2013.782
1992.268
1986.694
1975.202
1995.393
2012.803
2009.041
1993.258
1983.255
2004.465
2016.751
1997.216
1987.585
1996.354
2012.107
2015.301
1989.182
1996.079
2001.889
2016.917
2011.549
2008.384
1985.41
1989.927
2004.524
2014.938
2001.615
1998.783
1993.63
1995.913
1990.534
1991.161
1998.421
2003.525
2015.174
2012.058
2017.26
2006.268
1997.666
1994.247
2009.873
2010.755
1998.646
2006.748
2015.183
2010.902
2018.299
1996.804
1995.198
1991.122
2007.052
2011.255
2003.025
2004.828
1985.606
1985.753
2000.312
1996.04
1984.597
1995.883
2002.408
2003.976
1994.531
1995.766
2018.583
2005.269
1996.236
2005.817
2004.701
2016.281
2024.755
2016.8
2005.955
2006.435
2008.747
2006.552
2011.49
1993.483
1996.109
1996.618
2020.973
2016.682
2005.514
1998.48
2014.84
2004.544
2005.386
2019.063
1985.381
1993.885
2001.585
2000.155
1998.636
1996.726
1995.668
2014.507
2003.809
1997
1993.708
2000.507
2005.778
2001.85
1999.675
2003.339
2001.908
2012.813
1986.557
1977.416
1983.578
1994.757
1999.988
2005.876
1992.131
1994.306
2017.525
2023.824
1992.876
2002.447
1993.473
2004.044
2004.426
1990.936
1995.55
1999.204
1998.47
2005.122
2019.778
1996.853
2014.027
2009.05
2023.188
2018.72
1993.738
1990.407
2004.769
2011.118
2005.357
2017.3
1993.444
1997.715
1996.922
2003.251
2005.406
1997.284
1990.583
2006.983
1993.875
1998.421
1992.964
2001.086
2000.939
1988.261
1988.585
1990.328
2006.17
2007.473
2006.964
1984.617
1976.936
1991.886
2001.693
1995.09
1999.606
1999.508
1993.885
1992.484
1983.284
1993.013
1988.771
1994.228
2009.09
1997.745
1975.447
1980.816
1992.464
2003.437
1998.362
1985.91
1994.208
2002.359
1995.178
1987.066
1995.815
1997.284
2001.761
2006.004
1994.286
1989.456
1996.481
2019.739
2011.588
2002.79
2006.797
1983.911
1995.08
2018.828
2004.456
1999.391
1987.154
1997.451
1995.325
1995.589
1975.496
1988.212
2011.059
2012.989
1998.852
1986.155
1983.862
1990.034
1991.935
1990.015
1988.81
1987.184
1995.57
1996.843
1994.806
1982.706
1987.762
2007.493
2016.849
2015.605
1987.997
1986.547
1998.842
2010.687
1997.578
1991.935
1986.566
2005.298
2013.665
2000.85
1997.852
1990.544
1996.314
1999.342
2000.38
1984.871
1984.215
1988.095
2002.653
1995.041
1987.203
1986.87
1994.002
2021.522
2018.612
2002.261
1999.43
2004.103
2016.722
2011.167
2009.041
1994.649
2001.448
1994.962
1992.67
1970.872
1979.023
2000.165
2009.687
2000.478
2006.748
1999.175
1998.685
2009.227
1997.157
1983.01
1980.894
2001.859
2003.809
2011.529
2001.556
1997.794
1989.31
2009.815
1996.265
2010.06
1999.332
2009.795
2023.942
2015.869
1994.953
1991.759
2003.868
2003.711
2006.925
2002.624
1989.182
2005.749
2023.501
2016.868
2011.392
2007.434
2022.423
2017.407
2015.007
1983.706
1997.696
2006.67
2023.717
2013.528
2006.974
1995.188
2007.238
2006.787
2012.744
2021.463
2017.623
2021.042
2016.379
2016.437
2018.573
2020.562
2007.111
2018.446
2011.627
2006.572
2007.796
2003.829
2015.134
2013.43
2006.944
2003.633
2007.267
2012.176
2022.541
2025.118
2019.69
2006.856
2007.042
1996.452
1986.655
2001.399
2021.669
2010.912
2004.887
1994.747
1998.969
2006.013
2027.753
2008.786
2002.428
1993.277
2011.098
2015.193
2000.39
1974.712
1994.502
2007.522
1988.496
1983.412
1990.456
1999.998
1999.107
2010.226
2004.75
2010.344
1989.417
2006.131
2008.639
2004.622
2001.536
2001.654
2000.302
2012.391
2025.754
2024.686
2006.043
2015.389
2028.909
2020.356
2006.846
2008.286
2037.432
2022.423
2006.229
2004.505
1986.253
1998.088
2007.209
1999.43
1999.097
1989.153
2007.307
2024.402
2026.724
2014.929
1993.15
2000.067
2011.314
2014.419
1999.244
1996.03
2003.045
2015.174
2018.896
2031.917
2028.292
2020.219
2034.483
2007.845
2000.625
2004.72
1994.002
2013.077
2006.229
1990.348
1984.362
2003.035
2004.593
1999.165
1989.623
2002.869
2009.021
2027.753
2011.363
2004.75
1999.978
2013.322
2011.833
2004.015
1996.216
2010.216
2017.946
2025.235
2026.734
2025.794
2002.251
2025.029
2029.203
2027.312
2005.612
1999.116
2009.119
2009.168
2018.103
2000.41
1998.509
2002.79
2019.7
2012.313
2006.591
2003.025
1999.645
2000.684
2009.893
2012.117
1995.374
2008.355
2013.273
2001.801
1994.394
1988.075
2008.081
2018.426
2017.398
2018.24
1994.384
2004.867
2020.376
2013.567
2008.022
2006.043
2013.724
2025.088
2009.668
2004.475
1990.936
1987.38
2002.496
2007.111
1996.089
1990.799
1993.601
1998.568
1989.809
1985.547
1985.949
1992.925
2003.525
1997.529
1986.596
1988.153
1993.718
2007.943
2006.337
1996.207
2006.768
2004.446
2001.664
1998.254
1991.984
1988.751
1992.013
2015.389
1987.184
1973.399
1969.843
1987.213
2008.982
1998.068
1973.742
1989.584
1990.652
1993.189
1993.777
1976.799
1984.538
1991.259
2007.052
1995.736
1991.543
1990.681
2008.668
1995.883
2004.162
1985.195
1959.644
1983.911
2008.943
2004.524
1986.576
1977.778
1985.528
1998.871
1984.078
1978.356
1987.409
1983.853
1993.875
1993.973
1984.303
1988.398
1997.039
2017.701
2001.399
1970.881
1964.866
1984.362
2007.228
1992.092
1984.597
1986.841
1997.774
2003.613
2001.056
1993.591
1991.298
1978.68
1999.234
2004.25
2000.135
1989.153
1979.738
1991.357
1986.841
1985.881
1959.997
1977.896
1990.358
1978.68
1977.063
1989.143
1992.396
1997.451
1989.065
1967.433
1969.911
1970.989
1982.256
1986.439
1979.287
1982.559
1994.208
1990.74
1996.06
1980.355
1986.174
1983.745
2001.536
2014.38
2004.172
1967.952
1988.114
1993.885
1985.401
1985.45
1978.611
1978.905
1992.552
1994.522
1977.553
1972.664
1981.511
1989.535
1997.804
1992.307
1968.148
1978.768
1986.351
1993.091
1978.494
1973.242
1973.899
2001.262
2003.055
1973.85
1987.752
2000.272
2002.291
2007.777
1988.859
1988.418
1999.773
1991.279
1990.074
1976.622
1972.478
1985.273
1982.158
1973.458
1967.766
1980.698
1990.632
1987.007
1974.065
1964.259
1966.13
1974.967
1983.941
1980.335
1984.088
1970.95
1970.333
1985.244
1986.527
1990.064
1986.468
1987.242
1990.27
1980.404
1973.497
1975.633
1992.288
1999.831
1981.413
1963.886
1966.639
1971.028
1973.762
1986.488
1984.744
1983.157
1984.695
1987.86
2000.047
1979.434
1971.195
1977.328
1991.445
1989.163
1975.731
1981.158
1989.78
2005.553
1991.759
1977.279
1982.657
1998.675
2004.681
1990.808
1993.552
2001.389
1995.736
1987.928
1993.297
1993.757
1981.384
1974.32
1995.58
1982.334
1982.236
1979.513
1991.318
1994.786
1998.195
1996.187
1996.971
2000.263
1986.664
1987.546
1992.464
1986.723
1990.926
1993.659
1997.804
1993.973
1986.194
1987.556
2003.613
1997.627
1991.142
1981.874
1987.419
1998.871
1998.293
1992.19
1967.149
1972.802
1989.339
1985.077
1968.285
1972.576
1987.321
1977.436
1974.173
1945.713
1957.41
1968.834
1971.626
1972.429
1958.184
1968.795
1974.183
1994.512
1998.293
1972.4
1976.211
1987.115
1992.141
1989.966
1963.798
1962.25
1961.731
1981.795
1990.456
1984.822
1974.438
1974.154
1979.61
1980.13
1976.133
1967.08
1983.98
1984.725
1985.165
1972.684
1973.38
1983.177
1982.716
1978.082
1974.81
1969.588
1963.514
1987.233
1985.048
1978.317
1975.123
1978.229
1985.753
1985.048
1973.86
1975.319
1972.135
1995.531
1992.121
1979.728
1970.96
1970.568
1980.11
1973.321
1969.226
1964.827
1969.716
1982.001
1991.24
1965.415
1974.751
1986.116
1979.209
1981.325
1968.883
1969.98
1984.548
1980.345
1988.78
1982.638
1986.753
1980.894
1978.298
1993.356
1972.811
1981.903
1988.78
1985.508
1980.13
1978.307
1961.408
1977.259
1985.675
1992.2
1989.496
1994.022
1977.573
1974.428
1991.063
1971.41
1951.278
1957.891
1968.187
1980.943
1978.562
1960.389
1980.149
1995.57
1978.014
1975.937
1974.418
1989.868
1980.306
1978.699
1968.207
1965.914
1980.149
1985.822
1970.979
1965.199
1963.328
1979.228
1986.645
1995.1
1980.816
1971.254
1976.436
1982.197
1986.018
1983.902
1973.066
1975.172
1982.207
2003.731
1986.165
1974.771
1983.941
1985.097
1991.063
1979.983
1978.513
1996.589
1987.673
1970.891
1968.491
1977.759
1985.636
1983.402
1985.469
1964.17
1957.949
1975.839
1988.731
1984.127
1983.363
1964.357
1960.82
1966.091
1991.337
1978.934
1973.928
1992.278
1992.239
1977.769
1967.178
1957.773
1962.113
1981.139
1979.659
1986.586
1983.99
1991.759
1995.119
1999.929
1995.139
1988.634
1977.23
1974.261
1988.222
1984.969
1991.23
1985.244
1985.195
1976.799
1964.807
1961.104
1974.761
1982.471
1991.68
1978.19
1960.957
1973.899
1977.289
1995.256
1980.962
1970.715
1971.763
1988.741
1991.641
1990.544
1961.084
1981.462
2000.37
1984.774
1981.129
1961.623
1977.142
1998.724
1994.668
1975.006
1965.424
1973.399
1980.58
1984.901
1988.467
1966.336
1976.074
1990.603
1991.21
1972.537
1957.93
1977.906
1988.653
1988.712
1980.424
1971.068
1976.946
1981.883
1978.023
1973.674
1970.284
1981.678
1988.173
1988.124
1980.091
1961.917
1960.477
1978.709
1971.136
1963.886
1962.397
1974.977
1957.224
1980.561
1962.231
1960.506
1957.009
1976.475
1982.344
1968.334
1965.65
1962.28
1979.091
1989.946
1967.354
1958.39
1967.227
1963.504
1984.47
1982.393
1978.846
1983.167
1989.897
2002.457
1988.565
1957.606
1953.413
1976.113
1982.099
1968.138
1956.088
1954.804
1962.466
1974.634
1970.999
1960.075
1947.084
1965.277
1963.475
1964.004
1959.086
1959.047
1960.967
1965.072
1964.69
1965.091
1957.587
1946.007
1961.378
1968.844
1968.51
1960.369
1974.428
1977.387
1959.762
1956.793
1958.41
1967.864
1979.023
1957.802
1957.469
1964.317
1970.509
1970.382
1970.245
1959.262
1967.452
1980.747
1973.105
1966.698
1954.129
1973.399
1977.024
1977.543
1960.526
1958.184
1958.312
1977.142
1973.713
1975.476
1966.061
1962.907
1959.331
1974.8
1970.774
1984.391
1971.89
1967.403
1965.287
1964.846
1954.961
1956.881
1970.078
1985.91
1967.805
1956.617
1967.315
1980.218
1988.751
1991.093
1957.871
1962.133
1963.21
1969.392
1965.836
1954.432
1961.643
1985.881
1972.664
1970.372
1951.699
1967.962
1969.431
1987.017
1980.355
1969.99
1979.307
1989.603
1979.924
1953.11
1948.603
1956.215
1957.45
1970.774
1970.441
1948.73
1961.339
1984.195
1984.754
1976.24
1957.793
1965.17
1980.659
1985.087
1982.07
1968.971
1974.545
1963.308
1982.863
1979.562
1967.364
1973.478
1983.049
1988.075
1975.584
1964.308
1962.485
1977.553
1975.3
1966.796
1938.708
1957.763
1971.303
1985.675
1967.374
1958.772
1968.413
1983
1966.835
1959.987
1955.706
1966.718
1984.587
1991.347
1971.156
1963.426
1967.11
1967.795
1986.361
1983.892
1984.969
1964.778
1977.808
1977.965
1977.514
1981.55
1984.352
1982.892
1994.649
1964.504
1952.189
1953.854
1976.897
1992.503
1968.462
1954.844
1964.131
1966.776
1965.924
1958.38
1952.61
1952.336
1963.759
1970.029
1965.66
1939.698
1959.311
1972.096
1975.133
1967.178
1963.22
1980.531
1979.16
1969.804
1959.987
1949.544
1952.473
1957.224
1978.219
1968.716
1951.278
1956.274
1951.973
1962.632
1958.89
1956.48
1947.555
1962.564
1973.331
1977.837
1962.897
1968.383
1971.214
1977.23
1953.296
1939.844
1957.891
1956.823
1958.998
1957.293
1952.62
1953.795
1975.604
1967.217
1966.708
1962.779
1965.091
1966.933
1972.557
1960.546
1950.366
1956.695
1971.528
1990.505
1969.431
1952.189
1971.244
1984.558
1976.084
1969.216
1935.495
1939.384
1957.646
1962.348
1948.809
1945.85
1945.625
1951.405
1972.802
1970.881
1947.692
1944.106
1954.266
1972.802
1970.95
1976.26
1955.363
1962.182
1966.306
1958.704
1940.197
1947.898
1959.007
1946.418
1954.266
1938.15
1939.6
1954.54
1957.009
1956.49
1948.201
