2121.011
2118.679
2101.995
2091.59
2105.982
2105.11
2104.101
2104.904
2108.079
2108.647
2120.707
2110.518
2113.829
2099.34
2088.377
2109.617
2108.754
2099.144
2098.144
2109.646
2112.859
2113.79
2107.51
2098.105
2115.877
2122.598
2107.334
2099.829
2104.042
2107.932
2105.492
2137.009
2131.435
2093.52
2111.762
2117.121
2131.268
2104.297
2093.53
2105.727
2122.852
2137.293
2119.61
2110.293
2114.554
2127.261
2142.241
2120.188
2092.442
2104.816
2111.223
2111.458
2116.034
2109.45
2119.874
2122.666
2114.799
2112.066
2107.579
2109.832
2121.295
2122.509
2113.32
2109.274
2114.76
2131.591
2130.945
2117.102
2121.706
2128.388
2116.778
2127.81
2097.027
2105.708
2110.371
2107.883
2104.307
2123.45
2109.391
2100.995
2108.167
2116.886
2106.011
2095.548
2105.041
2112.82
2131.954
2125.772
2113.457
2106.56
2112.281
2121.824
2098.438
2102.631
2105.923
2125.115
2134.707
2115.456
2093.853
2091.13
2110.41
2110.988
2094.539
2087.818
2095.685
2103.053
2104.826
2099.722
2100.339
2103.405
2119.257
2137.587
2107.765
2094.02
2107.099
2109.587
2096.734
2091.776
2096.498
2103.709
2103.278
2101.965
2089.621
2086.741
2094.804
2104.65
2108.039
2111.086
2081.823
2092.305
2098.458
2110.636
2098.301
2088.083
2095.264
2124.949
2132.532
2109.587
2096.156
2102.994
2104.414
2095.499
2088.592
2085.271
2078.648
2098.468
2093.804
2093.324
2093.501
2103.033
2106.021
2112.183
2099.927
2080.667
2099.829
2104.375
2106.315
2100.741
2092.972
2106.07
2120.266
2119.159
2103.905
2107.236
2106.041
2097.116
2108.862
2100.045
2105.845
2113.261
2109.871
2119.443
2106.531
2094.941
2103.817
2105.747
2119.835
2110.528
2105.855
2088.259
2092.384
2108.725
2104.385
2089.67
2102.269
2106.864
2109.156
2121.559
2113.477
2103.072
2108.666
2123.146
2108.186
2102.386
2094.921
2097.537
2105.835
2092.942
2086.594
2095.822
2105.904
2103.827
2103.013
2099.869
2088.7
2107.863
2104.914
2103.366
2100.554
2095.186
2091.306
2110.204
2112.859
2079.657
2093.51
2111.752
2117.65
2094.853
2068.175
2086.133
2094.755
2109.715
2099.222
2107.971
2083.547
2110.283
2116.533
2118.434
2091.296
2086.839
2102.132
2110.214
2087.671
2082.871
2079.942
2094.48
2101.681
2103.64
2092.403
2102.455
2112.34
2106.57
2090.797
2088.416
2088.396
2101.808
2104.826
2114.045
2095.94
2085.634
2097.703
2094.892
2100.368
2100.79
2121.598
2132.904
2118.326
2095.695
2081.45
2102.367
2108.519
2107.471
2110.978
2095.96
2098.615
2111.458
2114.28
2111.625
2104.091
2095.44
2094.333
2113.193
2104.385
2108.862
2103.807
2087.309
2094.186
2098.056
2095
2089.68
2090.826
2100.212
2095.401
2077.639
2071.712
2096.998
2089.317
2108.059
2101.299
2098.889
2101.289
2102.759
2106.09
2089.905
2092.139
2100.202
2102.034
2093.922
2082.587
2089.239
2101.407
2103.778
2094.676
2089.023
2096.753
2109.803
2121.275
2098.193
2093.471
2100.701
2110.939
2111.86
2103.591
2094.97
2100.025
2120.991
2120.315
2109.695
2090.64
2100.643
2108.284
2113.144
2112.321
2101.73
2113.722
2111.155
2100.496
2107.647
2095.068
2109.626
2114.74
2095.822
2093.863
2090.121
2087.711
2090.934
2082.665
2089.65
2087.005
2098.624
2094.02
2118.836
2107.598
2093.138
2113.339
2127.006
2139.008
2114.878
2101.407
2090.522
2110.048
2113.604
2090.385
2100.456
2117.209
2095.274
2107.941
2103.013
2101.759
2094.941
2108.921
2108.98
2088.857
2101.534
2081.548
2098.448
2114.172
2110.381
2102.808
2087.73
2107.158
2119.482
2104.316
2102.494
2096.273
2113.555
2111.36
2089.317
2085.124
2089.484
2091.982
2097.782
2088.749
2099.957
2101.505
2105.953
2125.889
2097.635
2091.629
2112.957
2116.984
2115.808
2108.176
2106.638
2097.116
2100.77
2119.139
2114.535
2094.559
2084.958
2093.011
2092.041
2097.831
2093.628
2092.188
2092.589
2104.63
2089.621
2080.51
2094.186
2111.674
2099.663
2095.244
2111.008
2107.687
2103.719
2096.851
2091.806
2083.733
2074.279
2095.401
2110.234
2114.388
2097.116
2111.713
2108.99
2096.489
2087.838
2073.613
2080.853
2098.105
2093.207
2090.669
2094.382
2090.179
2101.906
2107.647
2104.483
2100.29
2096.557
2092.501
2098.213
2085.83
2085.065
2087.25
2098.85
2102.945
2113.584
2089.454
2096.626
2105.649
2119.923
2100.084
2089.258
2093.755
2105.815
2103.072
2101.103
2090.542
2088.622
2086.555
2102.426
2093.883
2082.254
2090.454
2100.936
2093.275
2084.722
2090.63
2095.264
2106.07
2104.855
2099.839
2099.526
2109.773
2102.073
2105.198
2093.412
2089.063
2075.033
2099.653
2100.016
2088.661
2096.175
2087.936
2101.338
2105.414
2104.444
2092.433
2101.397
2093.265
2091.12
2084.066
2090.317
2091.453
2107.471
2117.778
2113.32
2078.315
2087.858
2094.637
2104.542
2097.733
2097.233
2098.634
2109.96
2094.676
2112.34
2100.966
2105.394
2095.871
2092.266
2093.021
2089.112
2087.142
2092.296
2113.486
2097.576
2095.783
2074.014
2090.826
2092.815
2091.678
2089.063
2091.453
2093.373
2108.539
2101.534
2109.284
2100.956
2107.804
2109.979
2111.145
2107.03
2099.751
2124.537
2133.59
2113.957
2096.322
2082.861
2098.409
2102.563
2099.34
2096.234
2087.985
2093.442
2108.225
2114.789
2086.584
2092.609
2100.917
2108.47
2103.67
2097.253
2095.156
2113.957
2115.848
2106.305
2106.433
2082.479
2087.162
2096.479
2091.541
2095.088
2079.795
2105.904
2106.589
2088.455
2077.522
2073.701
2088.533
2099.232
2093.011
2097.87
2094.617
2101.632
2110.244
2102.68
2096.851
2091.188
2101.034
2092.952
2096.067
2090.15
2085.585
2092.051
2095.225
2095.92
2088.641
2081.793
2107.138
2091.796
2091.58
2083.997
2091.864
2086.594
2092.795
2093.158
2088.553
2090.855
2102.063
2096.724
2097.586
2085.986
2085.203
2101.181
2094.872
2109.274
2091.159
2115.279
2117.601
2110.479
2100.917
2091.512
2075.846
2096.459
2113.31
2112.036
2103.151
2089.739
2109.528
2111.478
2089.582
2088.406
2092.952
2097.223
2092.736
2102.563
2104.914
2109.695
2099.349
2108.97
2100.525
2088.083
2096.685
2111.762
2116.896
2105.237
2091.531
2074.739
2079.834
2090.101
2087.975
2071.203
2065.373
2079.765
2085.418
2088.053
2081.646
2095.969
2087.583
2095.793
2077.982
2072.486
2078.305
2095.92
2111.263
2108.813
2077.786
2088.631
2098.497
2103.356
2097.233
2077.835
2068.91
2081.421
2093.295
2085.545
2079.138
2085.565
2114.035
2109.401
2097.899
2081.421
2066.539
2088.994
2089.582
2102.171
2085.016
2097.233
2103.885
2100.956
2103.356
2079.765
2081.862
2092.629
2107.451
2101.005
2081.999
2076.238
2083.664
2092.266
2089.729
2089.494
2081.627
2076.748
2093.892
2087.456
2090.111
2089.474
2083.684
2077.718
2092.149
2077.639
2082.097
2114.613
2095.225
2089.543
2078.256
2084.987
2107.05
2102.191
2104.003
2096.567
2092.766
2102.455
2098.399
2075.396
2082.175
2091.708
2095.529
2098.164
2095.391
2087.182
2086.721
2076.787
2093.961
2085.359
2085.467
2076.101
2075.092
2099.918
2096.841
2092.178
2091.061
2098.644
2102.053
2096.018
2095.195
2087.328
2082.185
2102.23
2105.58
2090.209
2080.294
2083.214
2101.015
2097.655
2076.268
2071.957
2087.75
2089.788
2078.648
2079.119
2078.266
2075.288
2088.974
2088.543
2090.101
2079.608
2097.821
2100.417
2094.235
2090.757
2074.886
2069.949
2084.918
2090.806
2072.77
2084.399
2091.326
2098.771
2082.116
2073.015
2080.667
2097.566
2087.995
2101.828
2077.473
2080.725
2079.687
2083.919
2075.298
2070.301
2086.339
2080.608
2089.063
2087.642
2088.739
2078.923
2088.102
2089.18
2106.864
2097.429
2082.93
2085.575
2091.482
2091.884
2086.995
2080.245
2092.58
2093.138
2090.444
2073.142
2072.888
2077.678
2087.103
2099.418
2071.291
2077.708
2083.517
2092.756
2096.224
2093.765
2087.848
2100.231
2109.852
2108.617
2114.907
2093.118
2104.091
2100.721
2091.042
2093.314
2095.901
2083.939
2087.221
2094.157
2082.165
2068.567
2090.552
2091.747
2088.788
2093.687
2080.157
2084.624
2098.869
2095.803
2080.853
2090.424
2109.538
2102.377
2108.931
2082.597
2081.088
2093.53
2098.693
2091.864
2080.539
2079.03
2080.275
2092.883
2096.675
2079.187
2080.431
2084.997
2098.536
2102.004
2087.926
2082.714
2084.066
2104.003
2103.013
2094.451
2081.274
2094.666
2098.056
2089.758
2079.266
2079.844
2092.962
2100.79
2090.336
2080.431
2080.764
2086.701
2099.967
2094.598
2075.229
2074.69
2083.831
2094.255
2085.408
2068.557
2067.147
2074.181
2092.178
2095.039
2074.367
2076.238
2066.539
2092.589
2086.084
2071.075
2068.646
2082.792
2077.58
2092.07
2083.968
2078.492
2102.308
2079.197
2075.053
2080.559
2083.86
2090.816
2100.848
2086.633
2082.028
2071.144
2081.411
2086.437
2091.727
2080.04
2080.941
2081.754
2087.946
2096.734
2091.512
2088.2
2096.498
2099.408
2088.445
2088.318
2101.368
2102.524
2093.638
2088.269
2081.284
2078.962
2071.653
2081.098
2076.317
2072.662
2065.462
2088.984
2102.112
2083.909
2077.326
2070.399
2075.131
2083.302
2091.855
2087.642
2091.042
2101.73
2105.345
2091.13
2069.018
2072.084
2086.603
2097.096
2093.824
2082.381
2076.532
2078.746
2080.99
2084.193
2081.558
2078.217
2083.949
2086.623
2080.715
2080.843
2080.108
2086.084
2088.23
2083.89
2075.503
2075.043
2093.265
2091.718
2103.954
2086.966
2071.31
2066.069
2079.804
2070.007
2067.901
2064.893
2079.334
2100.251
2095.137
2080.931
2072.124
2074.063
2082.841
2071.986
2074.896
2076.189
2083.439
2093.736
2081.137
2076.904
2078.345
2075.415
2096.303
2099.643
2078.825
2077.698
2088.289
2093.128
2093.716
2088.132
2085.751
2101.789
2096.185
2091.384
2093.716
2083.312
2077.61
2097.508
2077.443
2075.249
2049.865
2073.456
2078.619
2086.829
2076.552
2074.994
2092.051
2087.73
2084.624
2080.696
2082.175
2097.214
2105.855
2099.222
2091.091
2088.69
2082.038
2099.408
2097.733
2071.203
2062.63
2069.664
2083.782
2084.869
2081.411
2077.914
2085.496
2093.941
2101.671
2082.107
2075.435
2092.354
2095.117
2085.869
2084.223
2079.226
2089.425
2100.427
2097.576
2082.45
2077.228
2086.525
2082.567
2086.799
2077.561
2083.802
2081.176
2091.727
2088.436
2086.623
2077.11
2097.057
2095.46
2081.254
2078.472
2085.996
2080.598
2110.773
2088.171
2077.737
2069.89
2082.479
2094.755
2090.503
2077.806
2073.554
2084.487
2087.906
2084.36
2068.41
2062.807
2075.249
2082.734
2089.709
2079.471
2069.233
2065.119
2089.895
2068.949
2063.63
2061.964
2084.683
2086.633
2082.077
2079.011
2069.106
2079.256
2088.328
2083.439
2075.886
2059.329
2067.539
2080.813
2075.641
2065.785
2064.355
2078.619
2090.424
2092.531
2065.834
2057.673
2057.31
2065.775
2067.872
2047.631
2056.174
2061.131
2071.134
2074.69
2060.455
2064.776
2076.571
2072.084
2089.621
2084.497
2056.732
2067.715
2072.535
2070.742
2046.573
2052.461
2046.788
2061.582
2052
2066.402
2040.793
2050.727
2054.626
2054.489
2043.84
2058.633
2061.033
2062.248
2043.075
2045.319
2041.694
2058.476
2065.491
2074.534
2061.366
2051.109
2054.391
2070.517
2063.737
2062.66
2055.909
2057.702
2067.235
2068.195
2057.448
2036.051
2047.513
2062.738
2065.295
2048.346
2033.798
2044.623
2052.618
2059.632
2042.096
2042.155
2065.834
2062.954
2076.444
2084.987
2062.591
2070.047
2067.294
2076.611
2060.054
2071.82
2062.091
2069.037
2066.559
2049.933
2057.134
2064.041
2070.732
2058.094
2057.624
2048.532
2057.555
2050.825
2064.991
2067.872
2078.56
2071.193
2063.414
2082.871
2062.16
2071.536
2090.591
2090.346
2067.068
2042.243
2044.104
2051.148
2072.466
2074.661
2058.437
2036.423
2041.998
2059.554
2052.765
2058.682
2058.849
2062.415
2066.412
2055.449
2047.562
2054.597
2073.26
2086.114
2077.629
2070.076
2034.434
2062.356
2069.88
2088.122
2062.493
2068.851
2065.403
2061.092
2068.9
2053.921
2041.89
2058.104
2056.027
2056.566
2050.345
2030.584
2045.143
2057.526
2059.593
2064.364
2053.117
2070.252
2082.499
2050.717
2035.081
2046.348
