1836.84
1862.596
1858.483
1852.385
1845.753
1831.608
1843.549
1853.038
1847.221
1843.15
1852.521
1866.327
1879.073
1863.054
1839.198
1837.943
1856.108
1860.365
1840.402
1826.952
1829.479
1839.461
1857.736
1857.177
1854.022
1842.743
1865.013
1859.365
1865.988
1843.311
1843.082
1857.685
1868.676
1868.532
1854.921
1843.947
1863.427
1856.651
1856.142
1844.982
1843.625
1853.878
1859.619
1856.498
1846.016
1848.535
1856.982
1873.162
1855.905
1853.505
1850.791
1849.459
1866.514
1854.624
1853.403
1845.346
1844.252
1860.111
1853.895
1844.261
1848.196
1850.833
1862.664
1860.399
1849.434
1845.66
1845.558
1858.313
1854.454
1829.004
1843.362
1848.798
1865.717
1862.884
1855.277
1854.861
1853.25
1856.6
1856.507
1842.734
1837.044
1848.9
1860.569
1854.327
1847.509
1851.02
1855.955
1859.229
1854.225
1839.614
1832.134
1852.894
1854.404
1850.893
1841.242
1857.719
1862.367
1871.78
1848.874
1837.222
1840.394
1849.654
1859.178
1852.317
1851.189
1847.729
1854.633
1863.011
1853.335
1839.503
1833.465
1846.534
1854.115
1857.957
1851.554
1837.146
1861.408
1847.051
1837.57
1837.256
1838.613
1850.155
1854.709
1862.808
1834.559
1834.305
1861.799
1870.695
1858.084
1842.683
1836.815
1855.642
1859.127
1853.462
1838.375
1830.489
1845.643
1861.519
1845.94
1833.991
1826.91
1838.884
1851.308
1846.525
1835.373
1838.842
1854.302
1860.331
1852.996
1843.489
1843.303
1858.364
1861.841
1860.976
1841.318
1843.998
1856.379
1855.345
1843.336
1819.345
1816.776
1835.746
1842.989
1836.79
1825.867
1826.791
1845.694
1838.876
1842.904
1822
1833.983
1835.144
1852.021
1853.123
1846.406
1826.028
1840.487
1836.069
1840.3
1826.07
1826.935
1841.378
1846.551
1826.774
1819.583
1821.686
1831.896
1847.39
1841.445
1832.465
1837.807
1845.05
1852.818
1844.999
1815.13
1824.501
1837.587
1838.494
1835.645
1824.035
1825.231
1831.286
1837.527
1835.45
1819.413
1825.129
1832.481
1837.867
1825.231
1824.959
1819.176
1836.679
1845.813
1841.513
1829.437
1818.353
1825.044
1838.197
1826.426
1820.507
1825.451
1835.916
1833.855
1834.89
1830.573
1815.241
1820.931
1831.947
1830.904
1814.995
1815.308
1830.862
1839.495
1835.755
1828.004
1825.587
1839.164
1833.957
1833.923
1827.953
1824.603
1848.985
1848.442
1840.741
1832.965
1832.575
1851.817
1841.182
1845.465
1828.988
1818.599
1830.862
1844.363
1839.342
1813.612
1821.966
1838.197
1844.464
1844.897
1824.73
1821.677
1830.081
1837.29
1838.375
1834.313
1822.746
1838.155
1840.64
1846.839
1827.088
1824.315
1836.281
1841.335
1844.642
1821.143
1823.424
1843.057
1841.216
1831.362
1837.341
1831.125
1858.177
1833.38
1841.513
1821.135
1825.901
1837.672
1835.034
1842.302
1829.963
1826.672
1834.975
1844.804
1835.085
1833.185
1818.446
1829.615
1834.686
1833.482
1822.72
1830.938
1834.262
1839.096
1848.789
1830.2
1826.486
1843.591
1842.726
1851.418
1837.833
1831.625
1841.556
1858.322
1863.283
1856.965
1839.02
1862.57
1870.118
1861.663
1847.594
1848.264
1850.867
1861.29
1862.952
1855.625
1848.103
1854.616
1863.724
1865.929
1852.495
1840.708
1861.273
1867.37
1867.531
1853.7
1857.787
1860.501
1864.105
1864.58
1855.735
1849.341
1864.504
1865.36
1866.514
1846.839
1838.545
1849.018
1866.2
1849.171
1840.589
1838.469
1860.297
1865.793
1862.994
1842.955
1849.341
1861.264
1868.286
1872.789
1861.926
1850.045
1864.945
1871.398
1871.246
1854.234
1856.668
1869.863
1871.822
1855.854
1849.57
1843.684
1855.506
1858.89
1862.884
1852.58
1857.592
1867.591
1875.486
1871.025
1858.033
1856.32
1873.51
1862.299
1869.796
1854.675
1856.676
1866.556
1859.263
1853.98
1845.058
1848.552
1853.801
1864.623
1856.167
1846.059
1857.533
1864.767
1859.916
1859.907
1854.158
1855.786
1850.146
1858.703
1861.883
1844.159
1848.119
1871.661
1865.267
1859.187
1852.487
1846.22
1858.652
1866.819
1850.528
1848.323
1850.782
1854.217
1866.7
1852.249
1843.158
1845.024
1843.379
1859.449
1856.312
1830.989
1842.073
1854.251
1863.749
1857.787
1848.399
1852.699
1857.032
1866.48
1860.323
1848.153
1849.917
1867.625
1874.842
1854.963
1844.787
1838.316
1850.189
1859.237
1853.411
1844.787
1843.956
1855.93
1863.452
1859.161
1847.17
1842.098
1854.768
1870.907
1872.823
1862.036
1849.061
1851.351
1857.889
1856.091
1846.415
1832.719
1853.589
1857.312
1859.67
1853.233
1838.409
1855.676
1869.804
1860.281
1847.611
1847.874
1862.884
1867.353
1875.104
1849.68
1841.92
1869.202
1882.525
1879.438
1851.011
1845.474
1851.995
1865.021
1854.005
1839.681
1842.022
1849.782
1859.042
1863.808
1847.95
1838.129
1849.697
1865.148
1849.137
1840.411
1837.502
1855.76
1862.256
1860.908
1856.371
1851.418
1859.085
1874.731
1864.546
1855.175
1848.315
1854.828
1868.405
1874.579
1859.331
1859.924
1871.483
1873.069
1871.381
1862.528
1856.49
1853.505
1875.079
1861.561
1858.525
1852.97
1868.473
1878.166
1873.603
1861.018
1854.497
1868.753
1867.633
1862.138
1868.574
1858.432
1873.256
1883.11
1861.561
1863.113
1845.482
1864.275
1863.495
1856.49
1856.1
1850.036
1871.772
1877.318
1864.402
1847.577
1851.783
1855.023
1870.686
1868.642
1871.093
1867.506
1881.473
1881.371
1871.432
1860.577
1863.529
1870.211
1879.87
1856.43
1856.388
1842.387
1857.804
1868.142
1880.142
1865.343
1859.933
1868.922
1877.979
1855.311
1856.396
1848.527
1867.972
1883.5
1882.075
1880.396
1863.825
1869.762
1877.725
1877.487
1860.755
1858.695
1866.437
1866.692
1863.791
1864.411
1855.659
1866.429
1865.225
1868.736
1846.652
1850.782
1873.849
1879.209
1872.111
1858.474
1855.71
1869.422
1876.597
1881.329
1872.213
1860.543
1872.018
1871.373
1861.069
1853.462
1850.418
1856.235
1885.697
1859.975
1848.365
1847.068
1862.316
1864.911
1882.542
1867.294
1868.235
1867.972
1883.882
1890.954
1876.3
1860.526
1871.797
1882.304
1871.593
1857.219
1848.586
1864.597
1884.526
1867.692
1853.835
1846.958
1861.222
1868.439
1872.348
1868.091
1871.178
1859.178
1877.284
1874.901
1864.105
1863.113
1880.863
1879.692
1876.902
1857.669
1858.644
1861.349
1877.225
1871.509
1856.956
1853.623
1858.593
1859.984
1865.835
1851.3
1848.026
1870.745
1869.244
1865.945
1857.94
1858.016
1867.676
1882.109
1886.188
1862.367
1864.283
1870.737
1885.213
1889.835
1871.119
1860.705
1869.261
1885.451
1868.863
1854.582
1852.241
1866.327
1876.258
1865.208
1863.028
1853.835
1870.033
1886.867
1884.255
1869.083
1857.168
1870.678
1881.371
1885.493
1875.249
1859.916
1883.068
1893.753
1890.556
1877.776
1868.371
1877.377
1863.503
1858.669
1851.054
1856.363
1859.712
1879.616
1884.399
1874.061
1865.691
1871.356
1887.978
1878.76
1864.368
1858.5
1875.91
1905.032
1892.617
1884.518
1870.627
1867.37
1874.621
1870.313
1858.008
1858.228
1859.195
1870.152
1873.883
1861.9
1853.539
1864.012
1870.94
1870.423
1867.438
1871.39
1880.676
1885.756
1890.709
1884.119
1870.839
1872.459
1870.449
1875.469
1864.215
1864.885
1868.524
1873.315
1874.655
1862.647
1849.943
1867.362
1871.865
1886.07
1857.253
1863.444
