805.521
673.101
824.13
1032.77
998.154
804.455
675.182
831.886
1033.142
1000.904
808.47
674.067
828.541
1029.425
997.757
802.845
673.869
825.319
1033.91
997.088
806.438
676.62
834.265
1042.162
1002.342
809.188
675.901
832.951
1041.493
1001.474
811.468
677.264
832.282
1037.132
998.996
809.114
680.882
833.397
1041.517
1003.927
812.955
680.213
835.999
1037.999
1001.4
809.981
680.386
836.396
1039.907
999.418
808.296
677.239
834.884
1043.599
1003.085
815.804
680.857
836.743
1043.822
1006.579
815.185
678.726
836.792
1038.519
1001.375
807.924
678.181
835.702
1038.321
1003.258
810.625
681.526
836.495
1046.003
1002.143
809.907
680.758
837.337
1042.236
1004.547
810.402
682.121
836.346
1038.965
1001.45
807.751
677.784
835.454
1035.917
1001.177
807.008
680.436
834.587
1044.392
1003.432
811.567
678.899
838.477
1044.318
1005.142
810.105
685.887
840.93
1041.964
998.848
807.181
680.659
834.636
1040.427
1002.094
809.485
678.577
832.902
1043.227
999.715
805.769
683.607
838.626
1042.484
1005.984
809.857
678.825
834.983
1045.854
1000.558
808.271
677.859
837.535
1037.85
999.195
805.57
673.671
832.704
1040.13
997.98
807.924
678.329
841.451
1045.581
1001.499
813.376
681.129
838.849
1043.302
999.195
803.836
677.388
834.141
1037.107
997.435
806.289
682.22
843.136
1047.489
1003.556
811.369
682.864
838.353
1041.691
996.667
799.301
675.554
837.957
1042.112
999.715
807.627
679.444
840.36
1047.985
1002.936
810.105
684.4
844.721
1047.093
1003.556
808.866
682.071
844.474
1047.44
1004.002
806.562
685.045
849.38
1049.348
1004.919
811.939
688.885
843.73
1046.151
999.963
809.659
686.804
846.283
1047.464
995.428
810.477
680.832
843.879
1046.201
1001.499
810.452
685.714
842.813
1047.663
1004.844
812.608
696.839
857.507
1069.369
1024.891
837.263
705.066
867.964
1062.877
1010.073
818.48
688.811
844.548
1050.215
1002.441
812.261
689.926
847.645
1050.339
1002.366
809.238
682.79
842.244
1045.556
1008.214
809.436
684.995
847.571
1048.877
1001.004
809.188
689.356
850.47
1051.999
1006.579
809.585
686.705
844.449
1048.728
1002.267
813.078
691.537
852.527
1054.626
1005.712
813.574
690.273
851.238
1054.204
1006.951
810.824
689.629
846.208
1053.238
1002.639
810.997
689.009
849.628
1048.604
1003.481
810.526
690.595
849.479
1054.031
1003.184
814.466
693.742
850.52
1053.486
1010.742
817.217
698.202
860.159
1063.348
1013.096
813.45
693.445
855.401
1059.532
1005.266
814.119
692.007
846.084
1049.67
1003.209
808.098
688.563
848.116
1051.503
1004.299
807.924
686.085
845.465
1049.372
999.145
804.802
682.591
843.582
1043.153
991.587
799.673
685.763
847.819
1048.629
1000.087
801.63
684.128
844.548
1047.787
997.46
803.613
681.6
848.116
1048.332
999.145
800.119
688.563
844.325
1048.604
995.75
799.276
682.591
849.529
1048.332
996.618
800.763
685.193
845.737
1047.018
1000.161
806.14
684.425
844.498
1048.158
996.023
805.075
685.515
847.621
1051.256
999.888
803.34
683.533
845.787
1045.953
998.055
803.415
679.89
851.585
1048.332
998.204
805.199
690.546
848.81
1050.611
1000.508
809.015
692.577
851.66
1052.024
998.303
803.043
683.83
844.325
1049.199
1000.26
802.473
690.05
852.477
1057.227
1004.374
807.008
686.135
853.791
1051.454
998.154
803.811
687.919
849.925
1051.603
995.998
803.811
682.443
850.222
1051.627
997.857
804.802
686.73
849.33
1049.645
1000.756
806.562
686.184
851.04
1047.341
997.881
805.62
689.207
848.884
1048.53
996.841
803.365
687.547
853.691
1052.891
997.683
808.123
689.852
852.18
1051.677
999.046
805.669
683.781
843.631
1047.192
994.165
797.195
684.995
851.04
1049.571
996.543
805.199
687.176
849.677
1053.04
995.057
802.399
684.078
841.178
1043.896
988.515
801.184
684.128
848.686
1051.652
993.768
798.087
688.514
853.989
1065.355
1013.839
826.682
709.056
875.448
1069.493
1011.262
812.038
688.216
852.775
1048.629
993.495
806.735
685.515
846.58
1045.333
989.977
799.202
683.36
847.918
1052.544
997.98
804.059
687.126
850.545
1051.206
993.991
802.795
689.356
849.306
1053.089
998.922
804.158
688.315
853.369
1054.477
997.906
806.041
692.181
854.41
1050.289
997.435
799.425
689.356
852.651
1056.558
998.526
805.843
688.365
849.677
1052.792
998.575
802.027
691.066
855.798
1052.866
1003.258
808.94
689.827
854.113
1056.806
999.888
805.248
692.082
856.219
1060.151
999.74
808.767
694.188
858.746
1057.872
999.542
806.165
693.841
858.573
1060.226
996.989
804.381
693.742
859.961
1057.203
1003.432
807.503
691.289
855.897
1051.603
997.188
803.464
693.866
854.608
1059.061
998.625
805.868
692.478
852.378
1058.937
996.444
804.53
691.908
858.028
1055.121
1001.772
806.215
687.002
858.226
1055.865
998.55
805.496
689.282
858.969
1062.059
1002.515
807.107
693.593
857.805
1057.004
1000.112
799.822
682.492
855.996
1049.397
994.561
801.383
687.572
854.881
1055.518
999.071
803.018
690.892
860.208
1055.815
996.419
806.884
686.011
854.261
1048.951
995.8
799.574
693.692
856.392
1054.031
997.163
804.48
696.988
860.754
1056.781
1000.161
808.247
695.749
860.902
1060.102
1005.166
811.344
694.981
861.076
1059.482
1003.779
807.379
693.37
859.019
1059.334
995.899
805.917
694.931
862.934
1060.424
997.782
810.65
691.537
856.269
1059.086
1002.218
809.485
695.724
859.713
1062.208
1000.533
808.593
698.177
859.44
1060.523
998.749
806.066
694.163
861.992
1058.07
1002.936
806.983
700.333
862.662
1062.605
1000.657
802.349
694.882
863.157
1058.466
998.798
805.843
697.038
862.463
1059.953
1002.689
805.967
699.045
863.331
1059.334
997.212
806.537
695.501
863.43
1063.943
1000.062
806.091
692.974
861.497
1063.274
1002.243
808.94
695.402
858.276
1058.144
999.765
803.588
689.753
861.051
1057.5
997.46
803.34
692.478
859.688
1057.054
998.228
803.588
693.841
864.842
1058.243
999.591
805.471
705.512
876.736
1078.414
1020.356
828.293
720.157
883.947
1078.909
1003.927
806.785
699.565
865.164
1054.7
994.834
810.576
694.585
865.115
1066.396
1000.781
803.167
696.245
863.801
1058.144
996.865
801.234
699.516
865.016
1065.206
1001.821
804.703
694.585
861.497
1059.235
1000.359
802.671
693.99
863.702
1060.077
999.393
800.763
695.402
867.419
1065.38
999.418
801.928
694.485
864.446
1061.44
992.133
804.356
696.815
856.442
1060.994
997.881
803.613
696.046
869.104
1064.463
997.757
807.8
698.227
866.403
1065.405
998.154
807.28
703.183
871.805
1069.741
1003.333
811.393
700.457
871.978
1066.743
1003.011
806.76
698.921
866.428
1065.454
1000.657
806.115
698.847
866.948
1061.242
995.428
803.34
696.344
864.322
1061.613
995.428
797.542
690.471
863.306
1061.043
997.857
803.291
694.51
865.635
1060.969
997.237
803.043
698.797
867.741
1059.334
992.901
798.954
691.239
865.412
1062.035
996.023
796.799
694.51
861.398
1063.15
994.487
804.133
697.484
870.095
1063.447
997.064
799.698
695.7
867.37
1061.762
994.982
794.791
694.485
863.479
1063.001
994.214
800.615
694.089
869.278
1061.093
996.196
803.712
696.864
869.575
1061.019
994.784
798.979
693.99
863.628
1061.192
991.216
796.947
692.924
863.529
1060.796
990.398
794.42
697.781
865.66
1061.985
993.793
796.105
696.567
868.386
1059.656
988.639
794.891
695.427
866.007
1058.863
992.504
796.055
691.983
865.115
1058.689
990.497
795.138
693.915
863.058
1058.318
985.269
789.439
690.57
862.785
1059.705
984.203
792.586
693.593
863.132
1058.566
986.384
791.075
693.841
863.9
1056.261
988.49
793.255
691.264
862.835
1057.327
986.26
791.347
691.735
859.415
1059.681
989.679
789.935
689.455
862.463
1058.764
983.088
788.275
691.413
865.759
1056.261
986.83
788.027
692.354
864.545
1059.235
984.848
795.46
694.585
866.899
1056.658
989.333
790.48
693.519
869.649
1066.421
998.798
810.13
715.746
885.632
1082.874
1007.793
808.172
703.183
873.168
1060.845
990.249
795.188
695.873
869.178
1062.852
989.754
791.099
694.832
868.386
1058.243
986.384
790.629
694.089
868.807
1061.539
985.888
786.466
695.278
870.442
1060.92
989.357
791.62
694.064
867.221
1061.167
986.062
791.719
699.169
867.989
1059.656
985.69
790.901
694.535
871.731
1063.051
988.292
790.455
699.664
869.377
1063.918
989.357
793.429
702.886
876.141
1069.592
991.687
794.841
700.903
877.455
1066.321
995.28
796.65
702.737
877.083
1068.601
991.414
799.747
703.579
882.411
1068.428
992.901
801.754
708.51
881.494
1071.054
995.354
800.069
702.737
880.18
1074.895
994.809
796.898
706.132
876.711
1063.497
989.11
788.82
696.74
873.44
1063.397
988.019
792.66
700.135
876.364
1067.189
988.54
793.775
701.547
877.975
1066.396
991.934
793.305
703.778
877.331
1065.107
986.78
790.653
699.392
877.083
1065.157
987.202
789.043
696.17
871.235
1064.215
983.336
790.133
700.878
875.571
1062.629
987.375
790.926
703.555
875.745
1069.27
990.621
796.353
704.224
879.065
1069.766
985.417
788.398
697.855
872.92
1065.578
988.49
790.43
701.969
876.711
1063.645
981.527
785.772
698.004
873.168
1059.358
982.717
787.011
694.188
873.614
1064.81
983.46
784.211
696.344
876.786
1064.835
984.005
786.441
699.268
875.671
1066.966
980.14
783.021
696.592
875.943
1064.859
980.908
785.97
693.395
875.596
1062.902
977.662
783.864
702.043
881.667
1068.675
986.186
789.191
705.413
882.559
1068.849
984.377
787.581
700.655
883.476
1067.09
980.982
778.834
700.532
875.373
1063.15
979.173
787.878
701.87
879.214
1064.859
985.517
785.028
703.356
880.453
1066.495
983.509
784.682
701.027
883.055
1074.672
996.766
801.085
720.702
895.37
1087.26
1002.441
794.395
704.149
880.527
1064.116
982.692
788.349
705.958
881.618
1068.923
987.053
784.508
699.516
877.653
1062.159
977.662
777.322
698.277
881.295
1065.132
979.223
783.616
698.425
879.313
1064.042
984.154
784.483
703.109
880.899
1067.833
978.083
780.196
697.707
879.635
1068.18
981.453
785.747
700.878
881.816
1069.344
981.601
782.204
704.05
881.395
1065.033
978.281
780.469
706.032
880.18
1065.776
976.373
776.133
702.117
880.998
1071.971
983.584
782.947
704.447
884.913
1067.536
981.725
785.722
703.951
885.805
1069.642
981.205
781.634
702.489
884.789
1069.89
979.842
777.149
701.77
881.89
1064.909
980.164
783.12
698.301
881.717
1065.33
976.819
778.041
700.73
880.701
1060.102
979.421
773.234
698.847
880.131
1062.778
979.421
780.568
696.046
882.088
1064.265
974.738
778.71
699.664
884.021
1066.52
978.132
776.554
699.788
879.71
1063.274
970.401
770.756
700.309
878.57
1062.753
974.49
778.809
696.369
883.823
1068.527
970.005
774.696
699.144
875.646
1065.999
972.607
772.887
700.878
880.726
1060.895
974.465
775.835
699.739
883.179
1064.587
975.134
776.232
705.24
887.416
1066.668
975.456
777.818
703.158
886.623
1063.67
972.285
