751.378
520.288
558.027
757.449
896.163
759.06
525.566
559.835
756.731
884.839
743.424
519.396
550.048
760.224
903.052
742.681
531.364
556.862
754.823
888.804
741.566
519.817
556.143
748.182
898.021
755.368
548.462
581.889
793.23
931.176
781.535
554.087
582.756
780.395
901.119
746.844
524.996
555.499
762.281
887.887
755.194
529.952
559.266
767.361
894.428
747.538
524.674
548.611
751.824
899.682
742.433
521.106
552.6
754.897
892.719
748.677
530.695
559.142
772.242
890.042
741.095
521.676
555.276
765.081
902.977
746.918
525.888
567.195
761.563
906.025
750.164
532.925
558.299
765.255
905.48
752.469
528.713
563.874
767.361
894.627
752.915
528.515
560.901
763.272
894.156
749.272
524.401
560.405
764.933
902.011
755.145
535.18
558.72
759.902
916.408
762.207
543.556
569.202
771.945
897.08
741.045
532.479
562.759
774.051
900.4
760.324
524.6
562.487
762.479
897.774
741.962
528.787
556.292
760.571
882.113
739.955
511.813
569.698
764.809
897.749
747.488
518.083
556.788
760.15
882.039
758.019
519.817
555.251
763.694
890.191
747.265
520.263
550.692
759.778
887.366
739.187
535.23
552.674
781.262
897.303
743.821
531.017
564.444
763.52
890.984
735.817
528.168
553.096
760.794
898.616
746.72
514.936
547.099
753.98
900.053
739.336
515.902
556.589
756.978
879.957
736.957
512.631
546.306
761.24
888.779
739.831
515.406
542.887
750.139
890.216
737.626
512.73
545.29
754.724
881.989
736.486
515.084
546.058
752.692
895.866
742.284
513.449
552.278
754.748
897.724
737.824
513.845
551.46
760.993
889.894
736.139
508.295
550.791
752.766
880.998
743.053
519.099
554.235
748.752
885.78
744.242
508.146
557.804
749.495
890.637
736.883
524.699
550.816
758.118
883.649
732.323
520.734
553.492
751.725
882.658
739.93
512.854
551.857
757.4
874.109
729.3
512.532
541.648
760.596
879.041
730.688
507.403
557.11
749.693
874.679
725.236
515.035
547.917
757.895
890.241
743.92
525.343
578.073
793.305
920.075
770.855
532.38
575.645
758.416
890.538
736.536
512.78
547.768
760.918
883.625
734.628
503.636
545.736
758.515
878.991
726.872
493.155
542.54
757.053
885.458
729.275
510.599
545.612
748.554
875.101
729.077
510.798
556.069
758.391
874.729
731.01
513.176
542.763
759.382
890.166
730.713
512.061
551.039
748.504
885.607
734.182
509.93
562.71
756.632
889.15
741.516
512.185
554.706
757.003
888.779
732.497
516.373
557.011
762.256
887.441
737.601
509.583
560.009
753.732
897.476
737.106
519.371
553.988
762.95
887.763
734.504
525.913
554.706
757.672
877.95
731.035
508.419
547.57
756.632
883.402
735.173
502.794
553.542
749.024
879.14
723.551
511.194
554.334
746.348
877.083
722.139
516.348
537.732
749.322
869.501
723.403
502.348
542.465
749.247
876.538
715.919
503.364
546.207
744.068
881.469
716.613
496.178
542.911
745.307
864.47
723.254
500.167
545.117
749.074
869.377
714.358
507.576
552.327
751.155
866.478
715.473
514.019
549.701
749.148
874.655
712.723
509.212
546.306
751.106
872.425
728.111
508.394
550.543
758.416
875.076
721.42
504.826
526.408
747.414
875.125
725.137
502.026
539.17
750.808
870.814
720.033
498.755
545.092
754.674
883.005
721.693
496.128
547.743
748.628
863.752
716.787
499.721
544.324
745.01
882.658
722.188
508.468
541.697
765.973
879.982
712.624
503.141
545.563
754.649
883.476
718.273
505.297
546.727
747.785
878.396
726.525
510.897
549.428
751.527
872.871
722.61
508.097
545.488
740.624
882.534
719.611
505.668
538.278
742.16
871.582
706.305
494.22
540.21
739.336
869.6
727.689
503.314
546.926
750.04
873.217
712.525
486.464
535.874
751.948
868.138
728.408
513.944
575
783.195
903.25
754.327
527.92
565.906
760.373
882.361
721.049
498.73
543.209
748.727
872.846
718.373
500.142
542.49
744.911
868.881
719.859
506.114
548.784
755.07
874.902
727.789
512.284
549.577
756.978
884.765
718.868
500.465
538.154
747.562
875.547
716.241
496.723
543.035
755.913
873.886
722.486
507.527
545.885
749.272
880.75
716.489
506.263
548.933
756.632
877.653
721.619
503.711
553.913
764.437
887.416
721.073
506.461
544.844
762.43
880.428
720.528
496.847
555.747
750.709
875.15
720.355
509.088
549.007
759.531
879.164
715.052
511.343
551.163
753.708
873.787
720.528
502.001
544.076
752.37
863.603
712.351
502.769
546.43
749.569
878.248
712.698
492.808
536.072
745.555
870.07
709.725
498.904
538.724
750.214
869.302
719.413
499.176
543.085
746.992
857.929
721.544
493.551
535.453
755.244
871.21
718.348
496.153
540.26
744.688
866.155
715.399
487.654
540.111
746.745
879.883
717.183
499.3
545.984
747.686
871.409
712.5
497.665
544.869
753.509
871.26
714.408
500.638
546.356
749.446
879.363
720.107
498.135
546.43
744.663
866.725
715.746
491.346
550.94
752.518
872.375
714.903
507.477
540.21
747.191
873.366
718.992
502.323
542.217
745.506
866.8
720.008
507.477
551.51
739.113
880.403
719.934
498.16
545.662
750.61
880.676
718.397
494.369
543.531
752.617
875.002
714.755
499.424
547.248
747.81
882.931
711.509
505.643
552.08
763.694
880.726
711.856
507.7
541.425
751.527
868.906
715.449
496.773
540.508
746.67
869.996
708.337
500.489
545.563
751.378
870.715
711.162
499.003
542.118
756.855
862.24
710.617
494.493
548.561
762.901
893.165
732.769
527.35
577.305
783.517
916.606
753.708
522.196
562.685
765.948
865.263
713.565
507.006
551.262
755.467
871.062
720.727
496.55
545.513
751.131
882.014
726.897
506.635
548.016
746.819
877.43
716.489
496.599
544.795
747.265
870.789
722.56
507.651
546.653
760.373
882.782
718.397
504.628
546.95
758.564
881.518
711.856
511.838
547.619
763.272
876.637
728.78
504.628
549.329
756.607
875.571
713.59
504.628
554.012
762.033
882.931
716.341
494.394
546.356
755.318
873.416
722.04
501.134
552.303
761.141
883.327
725.484
504.875
558.696
760.001
880.577
719.017
506.511
559.142
762.033
872.474
718.62
492.535
550.618
749.594
876.067
728.235
497.665
550.543
762.554
867.047
717.604
495.434
542.193
756.235
874.506
718.026
499.052
553.219
748.851
873.044
710.468
501.258
545.018
755.467
873.986
714.705
499.3
541.251
751.8
872.796
720.082
507.849
553.888
757.226
878.149
717.084
499.3
547.223
749.396
872.053
719.215
490.057
553.418
748.777
881.395
715.523
487.703
550.89
744.391
861.076
703.232
494.518
545.687
750.734
865.065
714.358
494.567
541.202
755.293
870.963
699.862
500.613
537.658
757.177
867.617
708.114
497.714
544.448
745.927
864.024
700.68
495.459
543.506
752.072
871.334
710.022
492.684
540.285
747.736
864.693
708.733
489.289
543.878
749.123
873.317
705.215
496.351
540.359
743.548
862.265
706.652
493.526
535.676
743.573
870.294
714.408
504.528
548.164
756.21
873.862
710.815
510.029
551.287
757.424
878.025
718.744
494.79
535.205
743.523
861.72
715.548
508.22
537.509
752.122
866.354
720.057
498.135
536.444
747.513
867.493
710.765
493.799
537.286
740.996
868.609
715.548
505.396
542.193
749.495
870.492
719.81
506.436
559.34
780.444
906.892
762.38
525.046
577.28
788.572
886.326
717.307
500.291
552.922
747.637
867.989
712.227
488.471
544.002
742.532
868.609
712.45
494.889
533.396
761.414
865.189
707.618
491.718
545.018
750.784
876.662
723.997
500.093
540.805
746.943
872.102
710.394
496.475
542.986
756.805
876.984
718.893
493.972
556.689
747.587
869.971
715.919
501.58
554.533
755.566
869.649
719.76
500.911
548.759
752.741
873.713
715.449
500.167
556.639
747.909
876.687
720.652
495.211
549.032
751.824
872.474
718.397
500.489
550.989
750.734
874.531
708.114
492.213
547.421
758.341
881.568
713.02
502.1
552.55
753.485
863.925
720.652
496.649
528.465
758.49
873.862
712.946
483.417
538.476
750.784
865.313
707.841
486.39
552.996
745.729
869.624
711.856
503.636
550.196
743.994
869.971
717.456
490.033
548.164
742.953
867.246
703.009
496.153
531.463
754.847
874.258
715.622
494.096
543.258
753.336
872.648
712.252
494.171
545.86
752.047
867.816
705.586
502.571
545.637
753.658
879.437
716.291
499.3
547.297
746.373
878.248
711.856
497.888
545.736
758.911
872.895
712.475
501.852
541.92
750.115
871.904
714.036
493.403
544.225
750.462
874.803
710.765
491.693
529.877
743.399
864.247
719.661
494.171
544.844
744.515
869.154
715.82
488.397
538.129
746.398
869.724
710.914
489.562
551.881
740.327
868.113
715.895
495.211
540.433
751.577
860.184
715.498
493.13
541.474
744.515
868.856
705.165
494.344
551.014
752.27
877.975
720.974
508.32
548.437
756.483
883.03
713.764
501.778
540.458
755.293
871.532
718.373
507.7
544.572
749
871.086
711.137
496.946
544.844
754.203
865.511
705.983
488.719
546.256
749.396
870.814
715.523
495.286
547.149
746.794
865.982
710.691
492.734
544.249
746.472
869.03
705.983
495.484
542.168
759.159
882.088
732.546
522.915
577.156
774.25
907.611
742.16
515.852
557.828
763.991
884.219
718.422
487.505
544.572
737.428
874.605
707.148
488.001
548.487
743.053
870.566
707.594
494.666
548.065
751.155
871.458
703.678
491.42
545.687
751.23
876.067
715.027
495.41
528.44
759.704
878.074
712.029
498.928
548.313
751.502
871.285
716.688
498.73
549.28
755.417
874.853
712.599
495.856
553.74
757.524
880.255
713.937
499.102
548.908
755.616
871.681
712.227
489.983
545.587
754.253
874.01
710.889
496.054
541.771
748.578
876.117
726.946
493.601
546.182
750.387
877.009
719.636
509.856
543.729
751.552
866.725
717.654
500.39
549.8
746.125
882.683
704.248
498.581
544.497
750.04
863.083
715.622
503.711
544.968
749.545
870.021
700.457
498.234
540.012
749.594
866.601
703.877
497.987
534.734
753.534
876.364
705.363
490.875
537.955
745.283
866.75
706.429
494.889
541.548
748.207
862.538
702.093
484.234
534.362
732.695
861.522
700.457
484.457
536.741
738.84
866.155
707.594
488.868
538.005
746.348
858.746
696.542
481.533
540.756
746.794
868.807
707.346
488.397
540.21
745.729
859.539
699.937
478.485
531.141
748.826
866.8
705.165
488.323
534.635
741.714
858.35
703.579
484.333
534.858
735.941
847.744
703.926
478.139
524.525
745.382
868.633
707.197
486.539
532.479
736.065
862.216
695.947
484.755
544.225
743.895
870.294
698.921
473.802
535.998
744.713
865.932
697.261
484.606
543.58
738.146
858.028
696.765
481.038
545.464
741.69
871.458
700.978
503.389
542.019
743.375
876.166
710.27
490.503
555.45
745.506
877.133
