794.915
995.577
986.334
805.347
668.269
798.384
1001.202
992.777
804.331
661.802
796.055
998.65
988.887
809.362
665.593
802.126
1003.135
989.704
807.33
663.09
794.692
1002.986
990.72
806.066
661.009
797.071
999.69
988.862
802.894
661.529
799.301
999.864
991.439
803.836
663.561
797.542
999.566
983.584
801.135
657.292
795.064
999.566
989.407
800.292
658.233
794.321
992.207
985.987
806.19
659.026
790.182
996.048
985.74
803.836
662.198
796.204
993.446
980.536
798.335
659.943
794.172
996.469
982.196
802.101
659.968
799.202
996.865
983.286
803.761
665.246
801.308
1000.508
991.563
811.096
664.825
796.873
1002.218
987.871
807.974
663.908
802.002
1000.781
989.605
802.151
657.49
794.94
999.913
984.699
796.972
659.472
799.97
998.005
982.196
800.937
662.223
799.499
997.683
984.724
802.101
662.892
801.061
1000.781
982.667
796.848
663.115
801.754
1011.312
1000.607
823.312
681.03
823.213
1023.131
1001.549
811.864
671.887
802.721
1001.375
985.74
799.995
658.977
795.436
1000.88
987.003
803.588
665.296
810.154
1008.338
992.133
803.489
665.816
805.917
1009.23
995.032
806.859
672.581
810.055
1009.874
990.101
810.625
670.524
808.618
1007.421
988.218
805.446
661.579
807.181
1005.315
988.168
805.446
665.667
807.577
1009.552
988.713
804.604
666.906
808.296
1011.832
995.874
807.9
667.848
805.744
1007.52
990.943
805.546
667.996
809.114
1011.758
986.83
802.498
663.115
807.85
1004.919
990.646
805.521
670.995
810.675
1012.798
992.727
810.303
669.805
812.36
1012.303
992.405
809.808
669.434
808.123
1008.883
989.605
804.108
667.08
814.689
1006.381
988.787
802.101
666.361
805.892
1006.851
987.474
801.383
667.922
806.19
1005.885
990.175
805.149
667.798
806.239
1005.018
986.359
802.894
662.049
806.908
1010.444
988.242
809.535
669.756
810.452
1010.395
991.984
802.795
666.485
811.418
1014.434
993.595
809.634
672.605
811.393
1014.013
989.779
804.901
671.664
812.905
1015.698
986.78
803.737
670.474
806.661
1008.264
984.079
802.151
666.683
810.576
1016.54
994.412
808.445
672.11
813.599
1009.825
998.773
808.643
672.358
813.252
1016.937
995.23
809.064
674.86
815.358
1012.129
988.267
804.431
665.444
807.949
1010.965
987.102
804.703
668.963
809.758
1015.921
986.136
796.452
663.611
803.291
1011.039
982.246
797.245
662.396
805.669
1013.765
997.088
813.128
683.037
827.054
1032.052
1004.225
815.383
674.736
816.027
1011.386
982.915
796.922
662.421
807.231
1010.444
983.683
799.648
667.327
808.544
1011.758
984.823
801.779
664.874
810.947
1010.221
983.237
800.54
665.271
809.907
1009.23
985.417
799.722
670.202
811.418
1016.689
985.616
802.126
667.476
812.831
1012.352
989.704
802.027
670.945
813.054
1017.804
985.863
797.567
667.451
810.229
1016.664
988.094
799.549
670.648
816.027
1013.17
986.161
802.027
669.83
811.666
1013.17
982.568
800.689
671.143
816.82
1018.845
988.218
801.754
672.705
818.109
1021.917
987.92
805.1
674.836
818.282
1018.869
986.533
803.687
670.227
819.62
1019.836
988.044
802.052
669.657
813.054
1014.211
984.872
798.979
669.533
812.806
1010.098
980.189
793.676
668.542
813.054
1014.632
980.462
798.261
672.358
817.811
1020.777
985.839
803.538
667.179
809.931
1013.938
979.594
796.204
662.049
814.169
1013.443
985.12
797.269
666.361
813.153
1013.542
980.189
795.956
667.352
811.443
1014.929
977.86
793.106
663.635
809.436
1012.551
979.049
795.411
662.074
817.563
1014.657
984.302
793.949
665.642
815.333
1006.306
972.706
789.489
660.439
812.261
1012.08
978.702
800.193
666.658
815.507
1015.524
979.148
797.616
672.705
814.565
1018.522
977.736
793.057
665.345
813.153
1011.064
980.586
793.899
669.285
814.739
1011.584
974.738
795.56
664.379
811.939
1009.651
972.458
788.473
663.264
810.154
1015.747
976.101
787.531
663.065
810.254
1008.834
973.474
786.168
658.803
806.933
1012.724
980.239
801.853
680.783
832.332
1034.084
1002.044
810.303
677.487
823.585
1015.351
979.074
791.967
666.683
814.417
1013.046
972.904
787.234
664.28
817.514
1013.765
975.679
785.846
658.159
806.487
1007.743
971.392
787.11
662.149
813.673
1012.129
967.973
786.614
665.543
813.723
1010.667
974.589
787.506
662.867
812.459
1009.775
974.242
787.779
666.584
812.484
1015.722
974.292
793.949
667.6
824.774
1015.871
982.816
796.675
668.096
822.172
1017.928
976.026
790.158
670.351
825.394
1028.484
985.343
798.954
675.48
824.799
1028.806
984.154
796.749
674.142
822.445
1021.124
977.909
794.668
674.29
821.627
1021.669
974.688
788.126
667.278
818.431
1018.745
976.67
788.547
665.37
815.185
1011.039
972.037
787.159
658.803
818.233
1010.742
971.64
785.053
660.637
812.013
1012.922
968.692
782.625
663.09
814.367
1011.237
965.891
789.786
667.377
819.818
1018.845
974.713
784.359
665.766
818.951
1014.409
975.778
788.448
671.069
823.733
1017.853
969.683
786.961
672.258
822.841
1020.381
974.564
790.901
671.168
825.195
1021.025
975.828
784.682
668.096
820.958
1023.924
973.573
790.728
671.54
824.526
1017.581
973.895
785.152
668.319
826.682
1019.91
972.879
784.682
669.062
821.404
1016.912
974.069
788.374
672.035
825.765
1021.57
972.111
784.83
666.981
821.85
1020.678
971.219
787.06
667.749
827.797
1022.586
972.086
790.505
671.614
827.128
1020.257
972.309
785.301
675.975
831.365
1024.792
970.649
786.069
669.037
829.953
1026.923
988.515
803.167
691.685
850.371
1042.93
992.826
797.567
683.186
833.422
1023.701
970.847
785.995
672.977
827.326
1024.618
973.945
786.713
673.497
827.673
1019.811
970.55
785.078
671.094
827.822
1021.545
970.872
780.94
670.326
827.376
1022.264
966.214
785.45
672.655
823.238
1020.356
971.615
786.837
674.563
829.804
1030.342
972.483
782.972
671.664
830.126
1023.676
972.904
782.402
671.466
826.261
1025.907
972.656
787.605
677.536
832.431
1027.294
973.821
782.625
669.632
831.688
1026.006
969.906
783.021
669.929
828.565
1021.645
967.18
783.963
675.802
835.603
1028.285
974.465
790.703
680.237
834.017
1028.682
976.125
783.913
672.457
834.859
1029.475
975.828
785.004
679.444
832.084
1029.574
973.003
785.821
676.521
837.015
1029.599
972.309
785.797
677.313
835.033
1030.094
969.509
785.4
674.712
837.436
1029.301
966.561
787.234
678.627
838.824
1030.59
974.985
780.048
679.866
835.33
1031.606
969.782
784.979
677.834
839.344
1032.721
974.663
787.482
679.444
837.263
1030.317
973.449
781.262
677.685
844.771
1035.199
977.166
791.744
684.822
843.582
1037.454
975.382
786.986
680.708
843.458
1035.05
969.658
786.069
681.848
840.534
1037.305
975.159
787.036
680.659
840.063
1031.507
971.392
784.112
679.692
840.658
1033.39
975.853
785.4
680.262
843.359
1030.937
968.122
782.823
678.627
839.815
1026.848
963.166
777.52
675.653
841.054
1030.59
964.38
784.112
680.758
839.939
1035.248
968.865
783.12
684.376
841.649
1037.231
974.242
788.051
696.939
864.743
1055.79
992.802
802.052
706.404
861.546
1043.549
978.876
785.623
685.268
845.886
1035.248
970.55
781.881
683.855
847.422
1037.776
970.228
784.236
678.28
845.118
1041.468
966.561
780.692
683.806
845.514
1032.671
967.651
779.8
681.278
845.589
1037.206
975.481
782.427
685.912
852.7
1039.733
974.465
785.103
685.59
850.445
1038.817
975.184
784.285
686.085
853.791
1041.765
976.249
785.797
690.149
855.253
1040.353
975.754
788.968
690.868
854.732
1043.995
974.639
784.087
694.931
856.045
1046.895
978.38
788.299
692.305
853.791
1043.946
971.739
788.027
691.71
857.532
1046.87
977.191
785.425
692.875
859.961
1050.165
975.233
788.646
694.708
857.929
1042.979
977.017
785.251
685.813
853.072
1035.942
968.493
786.837
689.728
857.334
1042.063
970.005
780.841
693.048
857.384
1045.978
971.566
784.483
690.124
858.945
1038.271
967.998
781.535
691.487
859.886
1043.277
970.203
780.543
689.009
857.26
1043.475
969.361
785.945
694.337
858.523
1044.541
965.198
782.303
691.091
853.369
1041.27
970.079
781.634
689.505
859.886
1044.739
968.642
784.186
693.172
863.033
1048.505
973.523
779.75
694.485
859.515
1043.277
964.876
781.609
691.041
853.369
1040.477
965.173
776.331
695.353
863.033
1048.381
967.7
776.058
689.678
860.233
1046.349
967.651
776.604
693.816
864.099
1048.332
969.658
776.257
693.42
864.718
1048.307
969.831
775.86
695.402
866.874
1049.62
974.267
784.434
698.772
869.55
1050.165
972.582
781.312
695.353
863.355
1050.463
968.246
782.328
698.252
874.283
1056.335
976.076
787.903
701.3
871.805
1051.38
972.086
780.89
696.963
873.986
1054.18
981.651
793.775
713.664
885.78
1068.502
992.653
802.869
710.344
882.311
1058.02
972.904
777.273
699.367
869.426
1055.468
970.946
779.775
696.146
869.847
1052.544
974.886
784.954
704.273
875.794
1057.104
974.267
782.724
701.919
869.426
1051.974
970.55
777.793
703.059
875.051
1052.445
968.741
777.173
701.448
874.035
1054.427
968.518
777.248
703.728
874.556
1052.47
971.739
779.627
702.291
872.648
1052.817
969.534
779.627
702.142
877.207
1056.633
970.872
778.363
701.746
872.375
1056.658
968.617
778.834
700.061
870.12
1050.884
963.884
775.365
698.599
879.09
1054.873
972.26
780.469
702.068
873.837
1053.411
964.083
773.853
701.597
872.821
1052.247
961.332
774.274
700.903
872.003
1049.942
961.927
768.575
696.839
873.44
1045.953
960.415
772.565
696.963
870.269
1044.664
962.199
775.29
697.013
872.573
1052.346
965.916
771.648
701.126
876.464
1055.394
967.899
771.524
704.248
880.379
1055.666
968.518
771.301
697.038
878.372
1047.514
958.706
766.593
700.284
870.863
1045.73
957.392
763.347
696.046
873.986
1049.992
956.971
766.097
696.765
874.283
1045.556
957.962
765.8
698.128
871.582
1050.636
954.27
764.61
695.873
874.159
1050.289
959.375
768.129
698.624
871.879
1051.875
959.35
766.32
702.068
876.464
1054.675
955.98
764.833
699.664
875.77
1049.422
959.077
764.66
701.374
877.901
1052.272
962.299
767.534
701.845
878.694
1049.893
960.812
763.768
703.827
873.292
1048.282
958.904
763.718
703.208
880.849
1057.45
960.168
769.071
704.025
881.32
1054.452
962.125
766.271
704.62
884.839
1054.799
964.95
769.566
704.67
882.138
1055.815
962.249
767.832
707.693
883.104
1052.148
957.937
762.876
701.002
879.635
1049.918
956.971
762.132
703.381
880.428
1055.518
957.07
767.287
705.76
881.246
1055.419
958.854
764.214
714.408
900.623
1074.077
977.959
786.986
724.295
897.65
1067.362
964.182
766.072
702.836
880.899
1053.535
960.415
762.207
708.709
880.106
1056.707
959.275
769.665
709.155
884.616
1058.987
959.424
762.083
703.133
887.044
1058.219
963.191
768.228
711.137
890.91
1054.452
960.391
764.09
709.328
891.232
1062.456
962.769
765.825
713.268
