645.869
821.429
1011.931
947.902
757.325
635.09
813.574
1010.395
945.672
754.104
645.423
806.933
1001.45
949.859
741.863
652.386
794.048
1006.083
945.027
745.704
649.189
801.308
1004.844
941.831
743.87
640.616
814.863
1000.211
942.55
756.904
635.263
812.682
999.12
943.739
757.177
632.785
800.168
1000.88
934.273
742.532
623.667
796.972
992.405
923.494
747.884
633.9
794.395
989.679
929.714
742.483
627.681
791.793
987.697
937.742
739.93
622.998
789.736
1003.927
938.288
744.564
624.707
805.917
992.455
936.949
742.83
622.353
796.427
985.839
930.656
730.886
613.061
810.328
1000.855
934.249
730.663
614.597
793.627
991.538
934.992
732.744
631.943
798.731
988.069
923.569
735.47
633.504
775.042
997.039
940.592
743.548
626.863
794.469
996.196
926.146
739.608
641.062
791.347
985.194
924.139
743.746
643.316
807.032
1006.678
923.247
746.125
619.182
789.984
997.683
935.611
729.226
618.537
808.321
998.08
929.615
752.493
658.432
829.507
1028.112
959.127
761.959
636.502
811.022
998.6
921.586
737.353
624.881
806.066
1003.581
939.328
744.019
631.001
813.772
984.848
934.521
753.014
637.196
805.075
997.014
919.108
741.145
630.729
799.995
1014.112
924.932
747.116
636.998
805.372
995.081
930.061
746.769
628.35
815.408
1010.197
945.127
740.277
646.092
796.873
995.973
935.165
743.028
639.946
803.662
995.503
931.225
746.323
627.458
803.687
1005.959
936.256
743.573
634.842
804.356
989.927
946.564
754.872
627.284
808.494
1009.106
934.918
749.173
656.573
802.176
1003.457
944.557
743.746
630.407
820.785
1003.556
947.778
743.796
650.849
808.792
1002.54
935.884
746.051
638.881
798.137
1002.02
938.511
741.268
632.513
784.384
1006.926
934.1
744.564
632.364
795.163
996.543
922.652
737.031
638.336
802.448
983.584
925.501
754.178
642.226
820.091
996.048
936.107
735.867
623.989
807.255
1008.759
930.804
743.647
638.187
804.455
987.92
916.854
756.285
643.738
807.131
992.851
932.737
728.086
642.771
818.604
1007.843
939.997
734.008
638.98
809.56
1005.984
933.778
731.877
638.038
818.604
1007.57
927.533
725.36
633.95
818.902
1003.531
934.868
740.054
632.538
814.491
994.685
927.756
746.274
635.784
825.493
999.12
937.395
741.789
644.605
802.993
1017.705
937.916
740.476
642.846
812.434
1001.92
924.411
737.477
634.644
821.652
1007.322
937.594
737.576
627.978
804.183
1009.825
928.772
714.507
647.901
817.786
1004.844
925.204
722.04
639.426
807.008
997.188
921.363
738.989
639.129
816.027
1003.358
913.062
741.566
631.794
815.036
998.228
943.194
730.266
632.81
808.742
1002.441
933.431
733.835
629.168
817.663
1013.319
928.302
710.592
628.251
819.868
989.407
930.086
735.098
629.291
811.641
995.403
926.84
736.61
626.442
819.422
1000.582
918.786
744.217
635.684
814.59
1009.379
932.093
733.785
631.447
799.177
1011.312
933.48
747.116
630.63
808.866
995.28
939.18
743.152
640.12
815.705
1016.094
942.054
746.869
650.75
827.549
1019.885
943.888
747.736
639.922
808.445
999.12
909.494
728.631
637.692
806.289
1006.43
917.349
727.937
636.8
815.755
985.64
934.298
713.912
650.428
811.418
1007.471
921.363
725.435
634.47
829.78
1011.609
928.128
727.466
642.077
816.721
1001.697
926.146
719.165
653.971
817.39
999.789
921.586
732.026
645.051
825.84
1003.358
925.13
742.507
628.622
814.54
1011.213
926.864
731.951
631.447
816.349
1008.636
930.854
738.32
644.506
811.79
1000.632
917.3
752.84
658.878
829.581
1015.425
935.339
733.091
644.704
828.689
1008.19
943.838
740.352
645.943
818.877
1008.611
937.395
735.098
654.888
824.675
1002.639
940.617
735.718
634.792
828.367
984.872
940.047
732.199
642.92
826.88
993.421
923.99
734.826
637.32
826.335
1011.064
930.854
726.475
641.731
809.56
995.651
923.569
725.682
635.263
817.663
1008.735
918.885
714.656
639.649
807.305
1022.661
910.064
729.102
648.173
820.314
1007.347
917.399
724.889
635.164
809.188
1006.703
923.94
732.447
636.502
827.748
1004.002
927.385
731.109
646.711
818.48
1012.253
931.795
722.981
636.874
822.742
1006.455
928.252
720.38
649.164
829.978
1013.22
926.815
725.558
639.005
817.241
1003.209
918.018
727.789
624.633
817.638
1000.285
944.73
725.757
632.909
835.107
1013.616
929.887
732.125
646.637
825.468
1009.131
921.933
721.99
646.339
824.849
1010.221
923.99
732.373
649.363
825.741
1011.683
927.756
723.626
646.141
824.13
1006.059
913.93
711.261
637.865
820.958
1020.356
934.125
727.615
648.446
828.293
1010.073
921.239
725.36
643.49
837.312
995.75
928.822
739.484
652.733
824.452
1011.559
908.751
730.564
660.612
829.111
1004.795
903.349
729.796
642.474
828.615
1011.213
909.197
720.181
640.591
817.811
1012.08
930.68
722.362
646.191
815.953
1015.053
938.882
727.045
648.694
825.443
1008.016
925.947
719.834
638.807
804.282
1011.733
921.809
726.252
655.037
832.927
1003.605
930.234
709.774
651.816
846.258
1036.091
953.626
744.663
660.612
855.649
1034.728
939.006
732.571
654.839
833.868
1002.763
928.45
723.774
647.777
828.045
1020.728
935.264
726.525
659.745
824.18
1032.597
931.027
730.39
655.409
833.422
1012.352
926.617
714.16
654.938
821.702
1022.784
919.331
716.836
653.823
840.658
1016.416
917.473
731.852
646.463
830.87
1001.97
904.216
738.543
638.757
863.554
1019.414
925.724
714.011
655.904
843.631
1006.529
906.545
738.84
677.784
843.383
1025.485
923.965
725.286
656.078
843.185
1019.86
917.052
710.394
661.777
820.76
1038.618
937.742
719.017
653.674
827.203
1025.138
913.756
724.815
657.218
833.026
1011.46
921.933
719.661
655.731
829.804
1030.887
918.662
727.12
652.534
824.155
1005.34
918.192
726.897
656.078
827.624
1022.784
928.376
718.199
641.185
847.893
1017.308
933.579
706.156
654.566
848.339
1021.471
912.79
721.668
658.233
838.576
1009.577
918.539
714.903
642.92
845.936
1025.238
908.206
724.047
655.582
841.946
1006.158
928.054
725.658
639.6
834.512
1011.758
910.114
726.351
662.025
850.297
1027.468
922.974
711.211
647.578
842.244
1013.319
926.418
726.153
660.464
838.477
1008.066
917.101
716.861
653.773
853.221
1022.363
914.4
689.009
673.324
837.089
1026.452
920.248
717.753
660.216
840.608
1020.034
925.774
714.383
653.6
840.98
1023.082
919.951
717.926
660.117
842.244
1015.524
921.016
698.103
678.85
840.013
1031.284
921.636
729.87
663.363
845.638
1006.381
919.802
712.277
665.766
828.541
1028.731
918.464
707.841
670.574
846.01
1027.691
912.046
722.337
667.575
856.368
1023.974
921.239
724.047
668.889
851.139
1025.857
911.501
706.875
663.809
844.35
1021.942
917.993
730.366
654.665
857.012
1027.542
924.783
712.772
654.418
861.001
1027.641
917.993
716.588
665.296
850.371
1032.572
922.156
719.661
668.467
850.322
1018.275
911.749
705.958
659.274
850.272
1026.427
939.18
735.074
684.425
871.161
1044.813
935.785
732.596
674.34
857.83
1021.471
917.77
713.59
661.009
858.127
1024.915
913.087
715.523
660.761
845.638
1022.115
913.558
710.84
662.322
851.883
1025.213
916.531
714.656
665.246
854.93
1025.436
926.716
721.594
671.342
855.228
1029.078
920.298
718.298
671.168
856.194
1025.708
918.662
715.003
664.379
857.136
1026.229
914.871
714.358
665.593
858.846
1029.921
920.843
714.383
667.749
859.936
1024.346
917.077
714.68
669.979
858.474
1027.641
920.347
716.341
669.285
864.768
1034.53
925.675
717.282
668.988
860.456
1032.225
920.447
718.05
674.86
865.957
1033.514
920.868
714.234
670.351
859.589
1026.6
919.852
713.095
670.103
860.233
1030.293
917.721
714.334
669.087
863.008
1028.707
914.871
711.236
666.287
856.392
1024.098
914.252
706.231
674.811
859.415
1028.979
918.588
716.118
676.248
859.366
1036.512
925.378
720.008
677.636
866.676
1030.193
917.002
718.373
676.57
865.957
1035.075
920.62
716.737
673.497
868.46
1023.379
914.004
710.369
662.818
857.359
1026.799
913.211
706.702
668.988
857.408
1025.931
921.512
708.882
673.374
862.86
1028.831
916.779
710.815
673.027
867.023
1033.514
912.641
710.567
666.535
865.115
1029.376
913.36
711.484
673.919
863.157
1026.501
913.087
706.999
675.331
864.966
1025.684
913.583
709.279
669.979
862.017
1025.659
914.351
708.981
675.009
868.237
1027.022
917.448
710.195
672.358
860.853
1026.154
913.508
704.967
677.784
870.888
1029.747
912.691
707.47
671.267
864.916
1023.528
913.93
704.719
673.398
863.058
1021.694
908.899
705.512
676.347
866.973
1029.4
911.353
705.215
674.191
864.272
1024.742
910.386
699.912
673.968
865.585
1022.611
912.294
708.337
680.039
882.683
1045.284
930.581
729.796
696.74
889.795
1044.838
923.693
706.28
673.175
870.467
1027.567
913.93
707.891
676.991
869.253
1029.747
913.211
707.123
676.174
869.104
1024.965
915.714
709.105
682.74
874.506
1031.779
914.425
709.997
678.032
877.281
1035.372
917.869
712.004
679.618
874.382
1031.606
917.126
705.339
679.246
869.476
1028.087
910.461
708.882
679.172
873.242
1036.264
916.581
714.309
687.399
880.453
1039.783
920.149
717.48
685.788
879.115
1035.744
923.098
713.937
686.407
880.998
1039.932
921.809
715.919
687.324
884.616
1038.197
921.809
712.772
688.34
880.478
1040.824
919.009
711.608
681.03
877.033
1036.735
920.422
708.709
683.087
877.628
1041.27
914.921
714.532
686.779
879.61
1033.241
912.443
704.248
682.765
873.465
1029.698
910.584
703.009
677.908
873.589
1031.011
916.383
705.487
687.225
877.083
1036.215
915.169
710.121
680.733
879.14
1033.737
910.584
703.753
681.848
877.058
1034.753
908.776
700.457
683.112
873.515
1033.712
910.461
704.694
682.988
874.159
1035.868
916.185
703.48
680.361
873.49
1035.645
914.45
708.04
690.124
880.874
1037.478
915.937
708.486
686.11
877.579
1035.818
916.061
707.916
689.207
881.964
1033.093
917.646
710.418
691.462
885.384
1041.517
919.753
708.287
690.199
882.733
1039.808
923.024
714.903
693.197
883.228
1038.222
916.631
712.004
689.282
883.129
1044.788
917.523
709.179
689.207
879.164
1031.878
914.5
710.344
689.629
882.534
1040.452
914.227
706.454
684.722
882.113
1041.443
919.257
712.45
693.197
885.582
1042.583
919.554
708.337
691.76
888.481
1042.88
914.623
709.576
691.784
885.458
1034.802
916.878
707.024
691.512
880.998
1041.171
918.885
712.525
694.808
893.338
1050.339
919.951
709.502
693.395
889.126
1043.128
926.963
718.695
710.27
909.246
1064.141
944.581
732.051
713.491
902.952
1050.388
920.273
713.095
691.289
889.051
1043.599
916.432
708.833
694.362
890.984
1044.169
921.908
711.112
701.201
886.549
1044.541
920.248
710.542
696.963
892.892
1041.815
920.893
708.188
695.923
884.765
1040.551
916.135
712.302
694.882
890.563
1041.418
918.34
708.634
