567.74
384.176
467.261
655.062
734.752
566.774
386.208
472.885
665.494
735.222
568.508
381.525
466.74
658.308
732.645
566.997
388.587
473.901
668.591
742.235
569.549
392.006
478.932
671.565
734.826
575.248
387.62
472.018
667.625
738.419
571.903
387.719
474.397
663.834
735.619
566.848
383.606
471.2
667.204
736.957
570.763
396.566
477.544
670.202
737.155
566.749
391.288
473.926
662.867
738.716
570.218
398.721
496.55
691.586
761.315
591.132
413.638
500.341
688.439
746.918
571.952
388.835
474.075
672.928
733.389
563.478
379.939
472.662
667.897
734.058
563.676
382.764
472.662
667.204
734.281
561.966
384.473
471.721
670.574
732.1
563.453
384.548
469.342
667.897
737.155
565.659
387.794
475.661
673.448
734.157
562.982
384.523
474.893
669.88
734.578
561.322
386.53
479.031
672.705
734.851
563.949
381.748
480.121
677.512
740.847
569.375
385.935
484.209
674.439
735.767
565.014
390.594
480.468
677.982
736.288
560.554
383.705
483.466
676.917
737.948
567.121
389.528
478.684
673.101
735.396
563.701
385.341
478.907
678.28
732.794
560.752
385.341
479.229
672.63
733.463
561.248
381.227
478.981
675.48
731.58
556.044
379.889
476.181
672.407
725.633
553.368
378.526
471.523
671.788
731.53
558.597
380.955
477.42
672.333
731.828
552.848
379.22
477.569
673.869
731.233
555.549
378.328
473.307
670.871
730.019
552.625
384.721
482.004
678.676
731.431
557.011
382.64
480.22
678.8
730.043
556.515
382.665
481.781
679.246
732.323
555.227
382.194
479.378
677.115
728.879
555.425
380.757
480.542
677.784
725.757
552.352
382.293
478.485
682.021
730.886
552.179
379.666
478.039
680.535
730.886
554.781
382.367
483.218
679.321
730.564
554.409
382.367
482.252
676.297
731.778
553.69
383.036
483.54
685.168
727.367
553.021
380.063
484.309
682.418
731.927
554.483
384.201
481.905
681.105
728.705
550.965
379.171
483.54
679.048
724.171
545.265
377.089
481.756
681.253
724.121
551.287
380.261
479.105
679.345
722.882
544.125
383.011
484.656
683.112
727.318
549.304
379.072
481.533
681.452
725.063
551.212
380.757
481.732
679.469
720.008
544.175
374.537
483.293
684.4
722.709
545.141
377.387
483.763
681.253
722.213
546.38
374.289
485.201
680.337
718.026
542.713
374.562
480.443
677.413
721.346
546.603
377.61
492.535
696.443
740.5
563.305
395.327
502.15
702.018
736.288
553.839
373.868
478.337
678.751
717.926
546.653
374.933
481.583
680.163
720.256
544.026
375.206
483.962
680.312
724.394
544.398
373.174
486.068
679.717
719.141
539.839
378.7
485.102
687.894
722.188
546.926
380.781
487.431
687.2
726.649
546.356
380.038
481.286
683.855
720.256
541.202
380.905
480.121
679.742
717.381
538.773
376.172
487.208
686.655
720.181
540.879
373.075
482.599
681.476
720.801
539.318
373.496
484.432
689.307
721.693
538.922
377.362
484.829
686.531
725.608
547.818
380.707
488.199
691.809
722.238
543.432
380.038
488.397
689.059
721.173
539.442
376.197
483.367
692.057
714.606
537.782
372.877
486.117
688.191
717.654
538.228
375.627
488.918
688.489
716.217
536.122
377.411
487.679
691.71
715.349
535.23
368.986
482.698
686.383
715.349
537.014
374.834
486.886
687.374
711.013
532.454
373.323
485.176
689.653
715.771
538.129
374.834
488.422
686.531
712.153
529.679
368.07
483.887
687.696
710.666
529.456
366.409
484.011
687.795
709.576
531.711
368.193
487.753
685.515
709.576
534.412
366.707
483.392
686.16
709.353
532.38
372.679
491.197
693.395
715.895
529.704
372.455
490.751
688.563
715.771
533.148
371.96
489.339
695.427
713.342
531.166
374.983
491.272
691.586
709.031
528.663
372.505
487.183
687.82
708.659
527.201
367.178
490.528
689.604
711.187
528.267
373.496
490.677
696.691
712.748
529.754
371.613
489.735
691.215
709.08
530.943
369.755
486.093
691.413
708.089
526.755
372.431
493.799
694.51
708.411
534.561
375.082
495.558
698.351
715.895
533.842
372.976
495.286
691.289
712.128
529.531
366.707
491.321
693.643
713.417
525.343
369.903
489.017
695.997
708.907
524.228
366.186
490.479
693.271
703.604
520.238
369.507
488.942
695.749
712.599
536.27
388.24
516.249
714.234
729.449
546.43
390.222
510.153
706.181
706.825
525.194
371.365
486.762
691.14
704.794
519.817
367.078
492.114
689.282
698.747
514.762
363.262
491.073
688.266
700.581
515.679
364.947
490.776
696.418
701.399
517.711
364.13
490.206
693.593
699.342
516.422
364.923
489.958
695.278
699.54
520.139
370.126
491.172
696.963
700.68
516.398
362.965
495.98
698.871
699.59
513.796
367.648
489.735
694.882
700.482
520.709
371.043
498.16
697.756
704.124
518.429
368.243
493.155
698.227
699.912
514.688
367.103
496.401
698.326
697.385
519.198
365.592
492.461
698.896
697.979
517.488
363.089
492.188
700.16
699.317
510.005
363.039
490.156
692.924
698.202
513.647
364.625
499.424
701.374
699.887
514.465
367.698
494.815
699.516
693.99
512.606
363.362
492.833
695.13
693.42
509.311
365.443
497.442
695.774
697.186
509.559
361.751
502.819
702.415
698.624
515.406
367.178
497.912
701.374
704.521
516.199
366.806
494.592
696.393
691.289
508.865
366.162
496.921
702.91
698.797
510.847
367.549
500.316
698.153
696.691
512.061
364.402
496.475
696.79
690.174
505.148
366.608
497.144
700.854
696.046
505.916
364.6
497.615
701.77
692.429
507.105
364.724
500.316
701.498
687.597
504.999
364.303
493.353
701.424
690.496
507.774
365.691
499.3
701.399
685.565
501.604
362.544
499.3
700.755
688.39
501.282
360.066
492.064
698.301
685.144
504.652
363.857
495.955
698.078
685.144
502.273
361.825
494.022
700.655
682.195
499.845
357.439
495.112
696.815
683.013
502.943
358.728
492.634
702.44
683.632
499.449
363.015
498.111
703.009
684.871
498.334
362.816
498.681
707.197
685.614
507.254
365.121
499.746
706.974
686.705
504.702
363.51
500.39
702.638
680.138
494.195
359.645
495.286
702.291
684.673
500.861
358.232
506.536
710.22
687.349
502.199
360.71
503.339
706.925
693.891
515.332
378.204
524.5
728.631
709.155
528.366
388.612
519.619
714.73
687.473
501.852
364.625
505.074
710.27
685.837
502.62
368.342
508.914
708.857
681.154
502.075
366.137
511.962
710.518
683.459
501.332
363.411
511.12
711.856
684.574
504.875
366.484
508.865
710.964
689.901
503.141
369.358
510.005
709.774
682.244
498.681
369.234
511.442
710.22
685.292
503.463
367.549
511.615
716.712
686.432
506.957
370.101
514.638
715.895
686.11
505.495
370.275
519.619
717.703
684.351
502.67
379.022
525.194
719.76
684.896
505.321
373.967
520.734
718.496
689.406
505.594
373.818
516.447
716.663
687.547
500.44
370.919
516.918
718.174
680.931
497.491
372.282
519.371
717.827
684.549
501.381
370.696
511.144
716.415
679.296
495.286
365.393
514.341
714.036
676.471
492.213
366.36
513.573
715.151
678.28
493.427
362.94
513.35
713.268
675.579
497.788
376.618
517.785
717.158
674.117
489.562
366.261
510.475
708.932
678.354
489.933
365.616
510.921
713.739
675.257
489.611
368.466
519.445
714.457
675.827
492.362
363.758
506.882
710.146
670.648
490.578
369.185
519.148
718.819
675.108
488.595
365.864
514.217
719.661
672.407
491.272
370.448
518.355
716.142
672.605
489.785
364.6
511.665
713.342
672.853
486.935
365.369
513.523
709.006
665.345
480.641
361.478
513.672
711.112
668.219
481.608
365.939
514.539
716.043
668.021
488.323
366.707
514.019
712.128
670.945
487.356
366.831
516.447
717.951
670.722
484.755
364.997
514.638
712.673
669.706
483.863
363.56
519.123
713.318
669.607
480.27
366.831
515.406
716.663
665.642
479.576
359.273
517.017
715.919
668.889
484.507
366.484
518.653
716.613
669.508
484.631
370.919
527.771
722.312
673.919
489.215
374.438
524.277
720.95
672.952
487.282
369.928
521.998
720.082
667.773
483.664
369.928
525.021
718.67
664.18
479.601
366.261
521.899
714.854
661.529
475.76
365.493
525.417
727.566
682.145
502.298
394.261
550.469
744.242
686.358
490.925
372.604
528.366
722.56
666.832
480.889
368.193
522.196
720.082
662.818
476.379
366.732
522.815
719.909
661.009
476.85
366.632
520.461
717.431
659.695
476.999
369.086
524.55
718.942
664.205
473.976
369.209
528.49
719.438
663.14
479.576
372.505
529.679
729.399
669.558
481.657
375.751
533.148
726.475
665.742
480.319
371.217
531.29
722.263
666.138
479.006
370.572
530.571
721.594
660.241
478.609
372.084
530.646
721.123
664.329
475.438
373.744
533.743
726.674
662.471
476.602
377.857
533.817
727.764
662.595
479.65
375.454
538.005
727.417
665.667
477.643
377.387
535.428
722.188
657.589
473.777
373.769
530.373
723.997
655.756
472.539
368.441
525.615
720.132
655.508
469.937
376.569
533.495
721.222
658.01
465.526
367.103
531.587
721.817
656.598
473.678
373.843
535.502
722.362
657.465
470.581
373.694
533.347
721.519
653.228
468.772
369.556
532.504
719.834
651.568
465.278
371.093
534.486
725.36
651.964
463.816
364.08
532.678
722.114
652.311
465.278
369.259
536.196
725.558
653.724
467.88
368.342
534.164
720.305
651.221
464.386
371.291
530.844
719.463
648
461.239
366.434
532.182
718.249
641.631
459.901
370.919
532.157
715.102
645.051
459.059
365.716
535.824
726.847
650.775
460.471
370.374
533.52
721.99
645.348
456.853
365.22
532.95
717.53
644.184
456.779
368.293
534.734
719.413
649.263
451.451
363.411
532.43
720.157
639.451
450.782
364.402
529.456
716.365
640.764
450.683
368.59
535.502
723.427
644.06
454.425
373.224
540.062
725.757
647.182
459.282
376.866
545.464
724.245
647.38
455.342
372.059
539.715
722.535
642.499
451.873
371.786
539.74
725.261
647.826
460.545
371.91
545.959
727.615
643.539
454.623
378.576
555.648
745.134
668.765
477.569
396.888
564.568
745.084
650.329
462.825
378.824
544.373
726.252
646.116
451.105
374.041
547.595
731.629
645.348
455.664
378.502
549.701
727.169
647.901
450.535
374.438
545.761
723.328
637.89
446.867
373.348
544.72
723.973
639.203
449.742
374.859
547.025
724.146
639.005
445.926
373.992
548.437
724.617
641.086
445.777
369.086
553.096
726.624
642.697
452.591
377.213
549.255
725.038
639.377
448.057
378.328
549.057
725.335
634.991
447.611
377.04
548.685
728.408
638.435
445.628
380.608
548.09
727.095
636.403
446.768
380.36
547.768
720.256
632.686
441.936
371.539
546.356
720.776
630.109
436.46
378.13
547.545
721.47
633.083
438.789
376.222
552.674
722.337
634.024
437.402
366.038
547
717.58
627.309
