636.577
846.382
1000.83
894.255
694.312
644.258
829.978
998.674
897.228
669.756
656.102
828.318
1006.554
885.904
689.381
635.115
828.665
993.099
879.809
686.184
643.787
828.119
991.538
880.403
655.904
637.196
831.068
994.437
872.623
690.149
631.497
834.537
997.98
887.168
679.073
651.048
812.038
998.427
880.949
680.609
637.345
835.603
992.579
875.15
668.046
639.674
830.994
1003.655
882.98
679.197
612.714
846.506
966.709
882.857
683.062
645.472
824.279
988.664
890.241
677.784
638.608
836.396
997.039
874.407
677.611
655.087
835.107
997.881
863.231
682.79
638.485
845.192
1000.607
880.775
666.064
641.161
856.442
1002.961
889.398
671.143
649.586
833.546
1003.209
879.016
676.025
641.706
824.427
999.244
873.713
683.335
641.532
837.808
989.605
878.025
689.604
641.731
842.144
998.327
875.448
681.352
653.575
848.884
1015.375
893.858
693.692
671.292
868.113
1018.646
892.793
683.236
645.968
860.531
1001.078
883.08
682.74
646.389
846.778
1008.784
883.303
666.782
638.336
847.769
997.956
884.69
669.88
637.221
854.286
1006.529
887.54
674.315
648.917
845.936
1003.655
866.056
693.742
657.911
856.739
1005.662
895.791
688.712
664.28
842.615
1001.796
893.388
680.485
654.269
855.822
1014.062
876.761
679.791
665.172
841.277
1010.791
890.241
679.544
661.182
853.047
1010.791
886.623
680.089
666.163
854.732
1009.8
887.465
686.308
660.885
852.552
1003.531
895.89
673.894
657.688
866.577
998.204
896.559
679.246
659.126
843.408
1012.972
878.768
675.777
657.936
851.957
999.343
879.09
676.719
640.739
854.906
1003.283
886.326
669.904
631.497
861.695
1006.777
883.476
665.915
661.802
846.233
990.918
889.473
682.021
662.719
853.642
1013.988
882.163
674.588
644.085
858.722
986.285
898.74
679.643
661.529
841.525
1026.402
886.4
688.266
665.89
862.835
1019.761
881.345
702.663
675.554
856.615
1014.905
888.135
683.285
663.536
854.187
1020.901
889.25
682.096
657.639
851.957
1007.743
897.402
687.076
667.204
862.711
1009.305
880.998
678.205
655.607
870.269
1027.195
894.329
674.959
675.628
878.892
1026.501
899.483
683.706
672.085
862.216
1022.239
894.85
678.205
680.857
863.578
1022.438
891.95
681.625
681.972
876.687
1013.22
906.843
682.666
674.414
890.513
1036.091
908.206
701.498
690.496
877.108
1031.11
912.914
701.448
692.726
889.274
1040.824
903.398
691.884
682.468
880.23
1031.333
906.868
695.972
693.544
881.667
1033.935
897.303
696.914
679.866
890.612
1041.815
905.852
675.728
694.386
896.857
1047.142
924.51
714.259
714.507
909.915
1047.787
893.09
733.488
708.064
901.218
1042.112
907.14
687.671
699.144
879.561
1047.613
908.627
688.291
693.246
885.012
1037.85
903.696
712.376
691.561
896.956
1041.468
919.356
706.404
685.515
893.165
1051.553
909.643
691.066
694.138
908.28
1038.222
904.836
704.199
692.528
888.556
1033.068
914.797
705.289
685.788
891.182
1042.509
911.08
709.725
713.243
902.209
1020.827
927.385
711.335
699.639
899.508
1040.551
913.285
702.935
705.289
894.057
1041.84
897.278
706.578
706.008
895.593
1034.183
920.992
695.204
701.746
899.112
1056.93
917.919
704.942
704.447
901.59
1056.732
910.584
692.206
706.355
898.294
1044.342
905.406
703.505
704.917
901.887
1031.631
921.884
699.714
705.611
904.266
1038.717
905.901
702.44
684.351
919.208
1052.296
916.085
702.539
706.825
908.751
1040.824
913.533
700.358
703.877
909.122
1049.298
902.705
705.463
697.285
919.53
1055.914
916.209
700.333
718.893
907.016
1048.53
904.811
696.344
718.546
911.699
1043.772
906.892
704.422
700.978
909.172
1047.291
915.986
688.811
714.507
922.9
1049.868
913.31
698.921
713.392
911.922
1053.932
905.653
697.087
712.351
907.561
1039.585
909.469
692.875
719.215
911.303
1048.555
916.135
702.316
715.027
913.31
1055.84
909.94
702.985
709.7
905.579
1052.173
906.025
691.363
705.091
886.598
1047.291
903.498
699.094
718.62
910.238
1049.918
900.846
695.229
715.795
892.942
1048.059
902.68
690.099
714.903
910.535
1044.689
909.643
698.351
726.599
911.377
1048.803
900.276
702.638
708.783
918.043
1049.348
898.889
693.569
710.939
917.423
1052.792
900.028
696.716
704.744
907.388
1046.969
904.241
698.921
717.381
921.165
1045.705
910.485
688.464
712.178
914.252
1044.095
902.482
693.643
702.043
903.275
1040.254
905.381
693.99
712.326
906.273
1044.02
901.54
692.131
707.42
915.045
1058.863
912.294
712.302
730.242
925.105
1064.438
921.487
694.882
721.941
912.195
1039.04
909.345
699.887
725.311
913.657
1041.517
910.584
693.098
703.976
917.77
1054.254
906.322
691.165
721.098
905.059
1046.498
906.223
693.271
716.861
911.427
1033.762
901.515
699.516
718.447
911.179
1047.341
901.441
689.629
706.925
915.392
1040.031
900.227
689.579
711.558
914.004
1032.746
917.597
684.822
716.341
916.928
1044.194
904.414
693.123
710.741
918.613
1047.241
886.227
698.351
730.019
924.709
1048.134
898.17
688.836
729.647
921.289
1050.785
905.728
694.287
715.077
914.153
1041.592
891.133
692.33
716.44
915.714
1042.459
905.951
683.36
710.964
904.538
1045.779
907.561
685.639
704.595
914.871
1034.703
902.754
670.673
726.004
913.087
1045.755
894.974
691.661
708.585
893.264
1047.167
896.708
679.197
704.224
908.453
1041.418
892.793
676.867
717.753
907.958
1036.438
892.174
684.301
706.9
898.567
1047.985
890.811
693.767
709.353
912.914
1046.325
901.441
681.972
716.316
910.907
1047.886
892.57
662.347
734.529
920.372
1047.514
889.819
689.059
723.7
919.108
1041.146
908.28
693.519
712.847
906.669
1041.84
890.216
685.887
720.107
912.269
1048.852
890.761
685.367
727.838
919.034
1041.344
889.398
692.9
729.523
919.307
1034.109
897.154
685.937
723.824
911.848
1040.303
904.662
677.735
734.33
922.032
1033.068
889.844
688.96
723.155
924.609
1033.489
892.768
686.407
725.806
925.006
1044.739
896.782
686.283
721.569
916.854
1040.08
898.046
699.094
727.863
917.423
1040.402
908.181
688.39
713.788
912.765
1046.003
882.956
679.618
719.636
914.822
1046.944
889.497
684.301
719.735
910.213
1046.077
888.035
683.806
711.905
923.024
1036.809
892.743
682.864
730.787
916.085
1044.937
898.344
696.666
759.283
937.718
1056.41
915.565
690.992
726.475
926.765
1042.484
883.823
683.657
706.925
929.763
1043.45
889.844
679.643
720.95
917.845
1030.912
881.915
671.961
726.426
922.528
1041.27
886.425
679.023
726.029
923.37
1047.365
887.515
678.23
725.534
923.47
1029.301
867.766
680.51
728.507
919.926
1039.758
889.15
676.471
720.33
924.337
1035.843
883.526
675.777
722.833
918.291
1045.383
884.492
687.919
727.937
915.664
1029.896
887.342
676.124
730.316
920.521
1038.94
872.871
699.639
731.976
931.027
1047.018
885.087
671.986
724.493
927.385
1045.086
889.993
675.059
734.256
914.921
1042.162
886.747
685.069
725.93
930.383
1028.781
888.754
675.975
717.926
929.788
1045.433
885.78
673.225
720.528
914.475
1034.728
885.533
680.014
720.107
920.521
1032.052
878.372
667.228
734.281
918.068
1033.539
878.173
682.269
726.599
924.064
1038.346
887.961
679.544
720.454
922.33
1036.463
875.522
662.149
733.711
923.024
1041.294
877.826
671.243
719.388
918.588
1038.742
881.618
671.589
744.738
915.714
1042.137
871.235
684.995
736.907
924.386
1027.988
893.784
682.542
738.568
928.425
1037.9
873.886
695.675
730.762
930.433
1040.254
873.44
658.927
734.281
934.918
1039.709
873.515
681.749
716.564
935.24
1042.633
862.166
676.05
727.02
935.041
1031.878
877.826
666.088
734.504
933.208
1033.662
874.704
674.266
697.707
932.91
1042.979
886.177
667.749
746.224
934.05
1037.404
882.163
688.91
737.378
928.351
1043.227
853.716
675.48
736.362
940.319
1024.172
863.083
670.97
750.486
935.859
1028.558
854.584
661.281
745.159
931.82
1016.045
885.979
664.527
733.413
950.925
1044.64
889.225
679.172
743.499
952.907
1071.575
882.212
661.727
756.185
942.128
1022.983
893.933
652.832
733.934
938.288
1015.128
893.09
676.149
694.609
949.537
1019.439
909.073
676.149
720.231
921.661
1053.981
847.373
687.993
704.992
893.66
1055.865
851.709
625.104
712.153
959.152
1006.43
884.988
681.922
737.205
905.306
1062.803
858.945
683.36
739.063
913.682
1019.092
900.747
665.048
726.426
938.139
1003.605
891.529
643.936
748.182
938.411
1015.598
861.175
615.861
796.129
957.194
1024.494
855.476
656.375
752.518
951.693
995.651
888.581
655.31
743.226
914.177
1037.553
874.754
680.287
740.426
954.741
1027.393
836.197
645.076
726.351
943.219
1039.114
828.813
671.49
740.922
921.636
1027.641
856.516
644.952
789.885
920.124
1008.66
875.101
658.556
731.629
924.089
977.761
862.934
627.582
761.86
930.556
1036.859
859.069
642.895
735.495
917.473
1036.463
817.96
644.456
734.727
951.99
1032.993
843.136
657.242
743.424
941.261
999.641
842.144
666.559
716.465
905.703
1064.29
856.591
654.987
661.628
985.987
1031.68
849.826
648.694
726.401
917.597
996.196
849.107
668.319
732.621
934.372
1008.759
821.082
663.759
706.825
958.879
1034.084
840.435
643.564
720.974
944.631
1008.759
848.909
651.469
736.04
918.39
1017.184
875.002
625.674
772.614
909.395
1007.768
845.737
674.464
725.162
954.815
1024.147
851.189
647.455
744.936
920.1
990.175
854.534
660.464
747.835
941.98
1013.988
842.169
661.975
731.605
946.192
998.451
840.36
652.807
728.805
926.617
1017.457
843.631
631.943
753.856
935.19
979.47
852.279
663.685
724.493
947.505
1000.657
850.792
659.646
723.006
940.567
1011.113
852.304
672.382
759.01
959.598
1032.3
839.84
683.731
740.228
935.933
1020.802
862.364
656.499
728.73
922.825
1027.369
840.261
660.761
740.699
927.657
1031.308
850.322
650.329
728.111
929.441
1022.834
842.467
638.509
709.972
958.061
1016.887
834.884
653.055
732.521
933.555
1006.529
841.921
640.987
747.414
934.05
1002.02
864.768
659.423
716.217
941.385
1026.972
846.431
654.616
730.291
944.78
1000.012
830.424
629.861
747.315
942.401
1016.912
829.259
654.864
718.819
946.44
999.442
845.564
648.421
735.198
967.527
1022.314
828.689
662.173
742.16
946.737
1022.884
837.56
659.646
753.237
938.684
1016.218
844.647
670.351
742.408
950.9
1011.237
807.999
671.292
739.856
936.528
1016.614
833.447
678.751
744.638
937.742
1021.149
844.498
647.826
729.226
943.417
998.972
833.298
640.591
737.675
942.45
1011.584
813.673
658.209
706.726
962.968
975.308
845.341
652.286
746.968
938.114
1015.499
824.923
655.21
719.537
956.847
1022.685
842.69
662.272
741.665
959.548
1009.651
837.263
638.088
746.745
946.985
1001.896
842.392
653.377
736.61
953.18
998.327
834.686
658.457
740.401
938.932
1007.942
844.796
646.141
754.575
949.042
1003.804
820.661
650.8
