679.667
808.618
1010.618
1029.326
839.196
677.487
803.241
1014.583
1026.154
836.346
680.832
810.006
1015.574
1026.749
838.551
679.915
806.066
1014.632
1028.608
840.955
682.715
809.461
1016.218
1030.763
840.013
679.544
813.698
1020.802
1029.871
837.684
679.221
810.452
1020.48
1025.361
838.898
679.643
807.082
1016.243
1023.057
833.992
680.089
808.792
1017.036
1024.37
840.013
681.377
808.94
1015.896
1024.742
830.473
677.71
811.839
1016.614
1025.783
836.272
671.936
806.413
1013.071
1023.23
834.438
670.92
804.431
1013.79
1023.007
833.075
673.175
808.123
1015.648
1022.264
831.068
675.48
801.507
1014.706
1023.627
834.066
676.521
808.197
1014.781
1021.347
827.624
676.62
805.694
1013.393
1020.158
830.126
675.257
808.916
1021.223
1036.165
846.58
696.716
835.999
1042.211
1046.027
856.739
693.197
820.537
1023.354
1024.469
832.183
678.453
811.27
1018.968
1024.742
833.1
676.471
809.461
1022.76
1024.767
835.404
682.79
816.647
1026.006
1027.815
838.205
685.491
815.829
1023.676
1024.494
834.785
682.418
814.094
1022.165
1027.294
833.075
684.376
816.994
1023.131
1028.558
835.9
682.021
822.718
1026.848
1030.342
840.98
686.259
822.222
1029.103
1030.169
839.889
685.094
822.321
1027.542
1027.393
835.578
683.483
816.498
1027.022
1024.222
837.412
683.186
819.521
1030.268
1029.723
836.792
687.622
826.682
1035.05
1032.671
841.674
689.307
824.378
1030.962
1028.013
834.512
686.606
820.041
1026.898
1023.8
831.118
680.436
818.009
1027.146
1024.618
834.488
681.055
819.769
1029.054
1024.94
832.976
679.965
816.473
1027.319
1019.092
828.516
678.453
814.912
1028.038
1018.745
829.705
684.252
820.735
1028.954
1023.602
836.173
682.567
821.355
1031.259
1026.6
832.456
682.368
821.726
1028.36
1023.899
832.109
686.036
818.852
1026.328
1025.857
827.872
680.014
819.595
1029.301
1019.836
827.45
684.177
821.132
1025.807
1018.522
827.921
677.809
818.133
1025.138
1014.657
826.682
674.811
819.422
1025.485
1014.508
831.39
676.867
819.075
1023.999
1013.963
827.079
677.908
819.843
1027.542
1018.374
827.574
677.834
821.702
1030.392
1016.416
826.137
678.577
819.62
1031.259
1018.299
827.128
677.561
818.356
1024.296
1015.623
823.733
676.867
817.514
1023.181
1016.317
822.346
677.313
820.091
1026.105
1015.549
825.939
679.866
821.578
1030.813
1016.763
820.24
677.115
819.62
1031.581
1017.829
830.275
684.326
819.595
1032.027
1016.961
827.004
681.774
823.659
1033.439
1014.037
826.087
677.462
822.073
1027.22
1015.375
822.395
675.034
818.654
1027.319
1011.981
820.438
676
818.084
1022.314
1006.752
815.928
673.943
824.576
1035.471
1028.682
838.229
691.983
843.904
1046.87
1028.608
829.234
674.687
820.958
1025.931
1007.025
819.595
676.719
820.24
1027.666
1013.567
823.213
675.851
818.282
1031.234
1009.577
822.519
677.388
823.659
1032.969
1010.866
818.753
675.802
822.42
1030.466
1016.193
817.316
676.669
821.9
1035.447
1014.607
820.339
676.124
822.792
1035.67
1011.51
821.726
681.03
830.895
1036.487
1012.551
823.857
683.954
830.969
1041.79
1015.945
826.534
687.622
834.091
1041.096
1021.793
825.864
689.108
834.909
1043.425
1019.414
827.673
685.367
833.447
1042.484
1018.101
827.624
685.714
836.544
1045.259
1020.703
827.004
687.374
837.04
1040.229
1017.06
824.105
679.791
830.573
1033.167
1009.751
818.629
679.767
832.431
1038.494
1009.899
818.505
675.133
830.721
1034.976
1009.503
821.404
681.947
835.751
1037.627
1012.328
816.845
681.551
828.788
1034.158
1007.892
814.962
678.23
828.59
1038.792
1008.512
819.348
679.37
831.142
1035.645
1010.692
820.983
679.767
831.911
1034.381
1009.23
812.409
676.223
824.923
1034.084
1010.593
819.496
680.758
832.084
1038.321
1010.494
813.301
678.205
831.068
1038.916
1005.984
816.894
681.6
829.557
1039.758
1004.398
817.786
679.122
828.689
1034.703
1013.145
810.08
677.14
832.109
1038.767
1007.397
817.786
679.246
835.528
1040.402
1006.43
816.3
680.584
835.033
1042.335
1006.975
813.524
679.519
835.429
1041.22
1002.243
816.275
683.31
839.493
1043.103
1003.878
814.07
680.906
834.215
1039.238
1004.745
812.533
680.906
832.927
1041.889
1003.382
810.526
675.158
832.877
1035.422
1001.598
813.227
675.43
832.481
1039.015
1005.092
813.351
686.011
839.989
1045.284
1009.825
818.332
681.898
841.996
1042.732
1008.115
813.326
684.276
840.633
1048.282
1003.952
817.985
689.307
841.698
1043.822
1006.653
814.516
684.673
840.459
1042.831
1007.471
813.574
682.145
840.385
1041.74
1004.894
816.201
681.006
842.566
1044.764
1005.439
816.399
683.607
838.626
1046.102
1005.563
814.119
690.595
852.403
1065.107
1026.055
833.422
704.893
861.026
1057.327
1016.218
819.67
691.438
840.98
1044.417
1003.977
807.379
680.411
838.081
1039.857
1003.878
809.287
681.898
837.758
1037.206
998.03
806.884
681.972
840.137
1040.65
998.996
806.859
679.098
840.509
1041.071
999.542
805.1
679.271
842.491
1045.928
1000.632
811.74
684.301
842.417
1043.153
998.08
809.089
682.74
842.516
1042.781
996.89
806.661
683.706
839.468
1047.142
998.972
807.8
684.524
848.562
1047.068
1000.26
810.65
690
848.215
1052.396
999.913
811.939
685.961
846.555
1051.231
1001.4
808.643
685.441
849.355
1052.173
1002.936
809.832
688.613
848.612
1051.157
1001.92
809.733
688.142
850.024
1050.066
999.418
806.066
683.756
844.92
1046.82
997.584
802.101
679.296
841.921
1048.183
997.559
804.703
681.848
844.325
1043.376
996.692
800.515
682.244
843.036
1045.631
994.288
802.052
683.979
843.606
1044.664
995.478
796.799
680.956
846.481
1048.307
995.379
801.903
681.501
849.479
1046.226
997.287
800.218
683.434
845.192
1048.852
995.131
798.558
687.944
851.437
1048.951
995.503
802.869
685.168
848.86
1047.638
992.083
802.25
685.391
848.191
1049.273
989.655
800.045
682.79
848.587
1046.399
990.2
795.535
687.374
846.952
1049.323
997.881
799.896
685.763
855.5
1050.413
995.057
798.905
684.351
848.166
1049.595
994.214
799.648
687.349
855.228
1055.344
998.476
800.491
687.027
851.883
1048.877
994.734
800.144
688.984
852.006
1046.795
989.803
796.154
682.864
849.9
1051.479
991.736
801.63
686.804
855.5
1054.378
994.363
797.542
684.128
856.814
1052.941
988.069
796.675
684.45
855.054
1051.652
985.566
796.724
686.11
850.966
1049.595
986.409
789.687
686.878
856.492
1051.578
992.455
798.905
687.968
858.251
1055.914
989.977
797.864
691.264
860.456
1055.642
991.612
798.037
690.57
863.801
1062.728
994.71
799.202
689.777
862.364
1059.507
995.007
797.418
690.521
864.817
1056.385
990.547
794.023
684.029
856.789
1052.891
994.487
795.906
689.53
862.984
1061.712
992.058
798.855
693.841
861.695
1061.985
995.676
808.643
707.94
884.319
1081.04
1016.862
819.224
717.332
880.403
1067.585
995.775
798.484
691.76
867.518
1058.268
993.842
794.94
692.577
862.909
1061.217
991.662
796.724
693.643
863.826
1059.284
988.812
796.303
696.542
870.839
1059.532
991.934
796.699
695.823
872.276
1063.249
990.72
792.165
694.163
868.311
1059.581
988.019
793.974
694.238
867.469
1060.399
990.596
795.807
694.461
868.088
1065.182
990.15
796.105
696.269
870.517
1068.106
992.281
794.544
697.756
872.598
1061.688
991.29
797.79
702.464
876.017
1071.005
993.124
800.069
703.654
877.306
1069.964
993.57
797.864
704.348
874.382
1067.213
995.156
796.179
700.185
876.885
1063.026
987.895
792.859
696.691
870.888
1065.603
989.754
796.055
698.995
876.017
1065.751
989.258
791.917
695.576
870.64
1057.351
983.955
789.191
701.3
877.182
1065.702
992.579
792.487
701.795
881.048
1068.799
989.333
795.262
702.613
880.379
1067.015
992.876
795.535
704.843
882.559
1067.684
994.734
794.841
704.1
881.692
1069.617
987.672
790.034
698.128
876.637
1065.008
987.474
792.958
699.516
874.704
1066.321
985.69
788.175
702.811
881.692
1065.033
984.922
792.437
700.606
882.237
1068.18
983.757
790.604
703.208
884.095
1071.277
986.186
789.662
704.124
882.906
1069.716
990.646
792.859
705.562
882.609
1067.536
987.994
787.159
705.859
882.857
1071.674
988.292
789.86
704.967
882.906
1068.552
983.881
791.198
709.08
883.848
1072.467
991.934
791.248
705.264
889.671
1069.146
984.253
787.135
705.562
882.906
1067.238
982.494
783.12
707.395
883.03
1065.751
982.865
784.112
701.894
885.087
1072.789
981.75
781.683
702.316
884.789
1065.033
975.927
780.444
698.995
887.119
1072.541
984.327
784.582
704.917
886.524
1070.311
981.577
786.218
704.546
887.242
1071.129
982.221
786.193
709.427
890.612
1070.906
986.186
785.524
707.767
886.623
1069.097
976.67
777.099
705.388
887.317
1071.079
979.371
779.726
701.82
885.731
1069.047
981.651
783.021
707.494
891.653
1071.822
980.61
781.014
707.445
892.124
1073.805
979.495
780.766
705.859
894.032
1082.007
991.513
798.285
721.643
909.94
1093.182
993.57
788.547
708.411
889.473
1068.725
976.175
777.892
705.19
888.283
1064.389
977.86
775.612
703.53
890.612
1068.378
974.762
773.308
706.627
888.506
1068.329
976.373
777.619
704.471
893.462
1072.491
979.272
780.196
710.443
896.287
1075.837
983.286
777.471
709.452
894.751
1074.176
976.001
779.85
710.542
894.627
1075.737
974.911
779.156
716.985
899.211
1076.332
980.189
776.207
711.856
901.168
1075.961
979.991
778.016
714.507
900.475
1076.679
981.329
783.467
718.819
899.508
1081.461
981.577
781.634
720.727
902.333
1080.148
981.577
778.66
720.578
910.064
1082.676
988.168
783.195
722.188
913.384
1082.106
985.987
778.883
720.38
904.761
1077.868
976.249
774.051
712.921
898.69
1076.877
976.745
776.108
715.746
905.777
1076.976
978.529
776.083
719.611
902.358
1080.693
973.028
775.365
718.992
903.745
1076.208
977.24
772.589
718.373
906.744
1082.304
976.423
774.943
716.762
902.085
1078.86
975.481
772.515
717.357
910.51
1083.146
978.355
769.219
716.365
905.827
1083.469
975.778
770.26
719.562
905.975
1079.504
971.566
771.127
717.555
907.165
1080.099
971.591
769.095
720.504
911.427
1081.214
971.789
769.888
720.504
909.345
1078.215
968.716
769.318
720.85
902.754
1070.534
969.881
762.727
716.142
906.099
1073.978
966.263
764.214
717.332
905.108
1078.513
969.93
767.386
718.868
906.942
1080.991
973.474
766.989
719.909
909.172
1075.861
968.741
763.297
721.495
910.807
1077.348
968.444
761.29
718.075
904.91
1075.44
964.033
758.069
717.728
909.568
1078.761
970.253
762.851
718.422
904.91
1072.12
964.132
761.092
722.758
914.723
1079.752
973.251
763.768
721.098
911.204
1077.422
964.33
764.016
720.776
911.13
1078.389
964.851
760.001
723.204
911.353
1078.414
967.75
764.759
725.806
917.894
1077.497
964.553
758.093
724.295
912.914
1076.506
963.042
757.598
720.553
907.561
1074.028
962.175
756.433
719.983
910.832
1079.132
966.833
761.364
725.608
920.124
1086.393
968.122
757.028
