855.352
648.57
615.242
790.43
959.399
858.325
627.978
615.043
794.742
973.201
846.357
646.488
606.544
793.875
967.403
866.527
643.465
598.317
791.719
963.637
857.334
646.463
612.987
802.82
969.063
852.428
640.938
596.93
804.777
972.21
850.768
646.439
604.587
809.436
976.076
864.099
644.977
607.56
790.207
970.525
862.216
649.412
603.224
814.317
977.885
867.816
656.97
613.829
818.431
977.017
859.093
654.145
616.728
814.144
965.867
858.697
637.667
624.484
806.611
971.764
854.038
648.594
614.151
808.321
971.64
861.15
650.924
611.872
799.797
971.715
841.525
644.134
615.737
804.753
968.345
856.764
650.998
631.596
809.907
974.168
859.539
660.538
620.668
808.395
978.38
856.615
652.956
619.826
811.542
972.185
860.407
648.545
611.797
810.105
968.221
859.713
651.32
612.169
810.625
964.33
860.679
650.131
618.983
807.354
960.837
864.446
654.021
616.728
808.717
964.529
857.805
645.621
610.905
808.891
974.837
853.89
653.649
609.319
795.262
969.336
853.89
633.207
618.339
805.57
977.761
858.4
650.453
610.013
804.108
968.32
856.938
633.999
615.316
808.742
977.216
854.955
647.801
605.949
798.335
977.736
860.506
652.98
607.808
810.799
975.258
853.84
648.471
610.658
806.339
971.492
873.143
656.821
612.59
803.043
969.608
853.815
651.32
607.164
796.526
968.394
859.267
639.872
600.473
789.018
964.083
860.184
642.35
609.939
805.1
965.272
851.362
646.191
621.932
801.878
968.865
847.794
650.304
598.218
796.848
950.355
859.787
647.207
626.219
824.403
985.393
872.846
663.189
622.18
799.475
968.171
850.644
635.09
605.925
789.29
959.969
853.345
637.766
603.645
791.248
957.937
854.311
645.472
605.479
775.835
965.148
854.261
648.669
616.035
802.572
960.985
855.376
644.035
612.64
789.34
959.474
862.959
637.84
607.758
794.073
975.63
847.645
651.221
599.259
801.73
956.005
851.56
648.966
608.031
793.478
957.665
853.815
642.994
611.599
801.308
963.463
841.847
633.999
607.288
806.14
968.27
848.612
640.343
608.303
796.328
955.484
846.58
634.123
593.932
782.204
967.998
842.045
644.754
600.027
791.174
958.755
845.316
630.307
608.973
793.329
957.318
841.029
625.822
595.641
789.86
958.359
837.585
631.076
592.841
795.931
957.343
844.697
634.52
595.319
779.106
957.888
834.859
628.499
590.909
779.998
949.215
840.261
624.93
595.864
788.374
963.711
839.964
623.865
598.144
791.397
958.136
833.373
634.693
581.369
783.368
952.362
835.454
627.978
594.824
785.499
950.281
833.05
628.746
589.942
778.388
952.436
833.026
640.12
593.064
787.605
945.473
851.585
629.291
595.889
787.159
949.042
838.13
639.6
587.068
789.092
945.597
854.014
628.399
603.397
785.128
959.275
844.325
628.325
593.51
787.358
949.24
837.238
632.414
602.233
785.053
958.26
838.973
633.207
593.857
786.912
947.53
835.082
623.097
593.461
781.237
951.123
830.473
628.573
598.59
777.793
958.656
847.373
626.69
598.615
784.533
954.815
839.047
626.838
582.954
781.361
952.808
851.139
636.75
595.146
777.57
953.081
836.544
639.897
592.346
782.551
962.1
840.088
620.495
597.624
791.372
951.842
856.095
645.893
615.093
810.749
976.175
852.626
657.614
611.004
808.147
953.874
841.451
630.605
596.038
788.101
944.681
832.704
616.158
584.317
793.825
940.468
841.773
623.766
590.215
777.099
958.036
837.61
621.436
590.239
787.283
952.313
835.751
624.187
595.914
788.473
957.467
833.546
620.718
587.836
787.159
950.256
829.78
611.971
590.239
801.308
961.159
837.56
629.465
595.121
779.205
948.744
839.493
619.157
590.041
787.358
955.757
841.327
622.775
591.801
785.524
942.996
825.245
626.442
598.739
781.46
946.242
839.666
625.996
588.852
775.959
951.619
832.827
630.506
588.778
779.602
945.052
836.767
613.829
587.935
780.915
955.36
844.498
626.293
585.085
775.34
946.539
838.205
614.523
574.926
773.729
938.065
828.615
614.374
581.22
782.476
936.578
822.594
621.536
590.76
777.223
943.516
829.259
600.126
573.216
762.653
953.973
831.465
617.868
584.292
777.595
940.592
828.045
611.525
581.641
776.306
944.358
830.126
606.519
585.928
775.464
937.792
820.611
621.982
580.625
779.973
936.85
819.67
617.571
585.383
776.504
942.128
833.992
618.785
591.032
771.474
940.047
821.479
613.433
583.574
777.619
944.458
826.187
612.293
572.027
773.457
936.677
831.341
611.203
570.267
784.26
930.556
831.242
611.426
570.714
768.278
925.972
830.424
597.748
585.284
781.188
939.279
836.346
607.659
590.958
775.365
936.503
821.28
614.474
581.592
777.446
934.372
827.574
615.489
589.273
783.393
939.923
822.321
614.721
581.121
774.25
939.799
821.503
618.042
576.636
769.145
931.721
821.256
619.429
584.218
765.626
934.794
819.794
608.452
578.519
777.595
938.535
828.417
618.265
589.893
787.135
961.58
841.277
632.314
605.503
799.599
946.019
827.128
623.32
583.054
768.451
937.321
819.744
606.817
563.255
777.57
948.05
816.746
608.799
577.652
772.639
938.535
808.767
596.905
590.958
772.069
928.946
821.082
599.854
580.749
759.828
939.477
827.401
606.916
576.537
762.95
955.633
823.585
606.817
579.832
774.745
946.96
819.298
609.468
574.703
774.002
936.9
822.792
602.356
573.935
767.46
934.521
819.62
623.691
587.34
781.113
939.105
821.528
610.013
584.292
773.779
938.486
825.666
620.321
586.671
778.784
935.388
813.277
618.909
584.069
783.467
935.091
816.25
611.748
574.802
771.425
932.861
813.574
618.934
579.039
768.104
942.624
819.199
601.464
583.723
771.648
936.528
822.47
593.684
586.324
765.255
936.057
817.365
604.785
569.673
765.23
930.036
805.892
602.679
575.099
761.463
926.096
811.765
605.751
572.671
777.793
934.397
817.539
601.39
578.618
785.326
937.247
815.408
600.027
569.747
774.745
934.025
809.609
593.733
559.935
765.18
934.571
819.496
601.093
575.645
771.573
932.985
822.395
594.031
570.267
766.618
928.153
808.395
599.581
571.358
766.865
930.086
815.928
595.691
573.538
768.649
932.167
819.471
599.73
570.565
763.074
933.183
809.039
592.767
567.294
772.465
925.353
817.811
596.162
579.411
775.241
932.588
814.094
602.604
568.335
747.538
933.183
810.749
600.325
571.06
757.375
940.245
818.282
605.751
572.349
770.508
934.794
810.675
596.831
578.147
779.899
930.011
824.502
606.371
574.777
762.306
932.985
807.305
591.132
572.027
774.522
916.185
818.703
592.42
565.436
765.106
925.006
808.668
599.309
574.604
759.332
924.039
805.942
592.346
565.188
756.037
934.422
816.894
609.096
586.721
781.906
948.472
829.829
613.482
594.526
778.214
939.898
814.392
599.705
554.954
765.602
926.641
792.66
596.707
564.444
764.016
917.845
795.485
586.721
564.915
757.251
915.689
811.294
587.687
563.032
764.61
923.519
811.022
596.682
580.278
758.688
928.425
808.94
595.542
573.538
768.104
925.972
805.372
595.765
576.834
765.18
925.898
800.714
595.047
549.403
776.182
918.167
797.74
594.254
567.046
765.948
924.907
811.096
600.82
576.958
773.655
932.985
813.847
599.284
570.292
762.207
925.353
811.418
600.647
562.264
777.619
930.433
820.834
601.762
579.51
779.032
936.231
821.479
599.928
570.689
763
924.337
809.634
590.041
567.492
766.741
928.748
808.916
596.806
575.967
764.957
929.912
798.682
586.473
560.257
765.329
922.974
791.768
594.031
568.087
765.354
927.286
806.115
597.772
562.536
761.86
924.362
803.39
580.353
566.625
759.109
916.383
801.457
581.889
560.43
762.356
916.705
790.059
586.671
565.906
755.368
919.678
794.965
582.459
557.853
763.966
914.995
805.372
578.742
576.487
754.451
916.383
800.862
590.884
563.577
764.14
922.701
796.501
579.807
561.892
752.122
912.319
781.708
584.714
565.411
742.433
914.623
802.374
582.062
557.828
759.902
911.947
803.885
585.308
562.883
771.152
916.68
810.278
590.116
566.328
757.623
923.321
793.379
578.37
561.248
764.759
918.563
800.119
579.907
560.653
758.54
913.137
797.765
583.723
556.812
759.109
922.627
802.374
587.811
568.136
764.288
929.045
804.381
589.67
564.469
757.449
929.169
804.951
589.422
567.69
764.71
934.521
807.181
583.946
579.708
774.349
929.119
798.583
582.087
560.579
749.941
917.077
802.795
583.103
561.347
754.03
915.317
790.802
583.029
563.651
749.272
916.036
802.993
605.9
585.581
783.071
937.916
827.178
618.339
590.909
779.131
921.512
798.93
575.843
564.023
752.295
910.312
782.724
584.169
559.835
752.692
912.369
790.827
574.827
551.237
753.113
924.932
782.873
583.128
553.145
755.814
907.165
802.324
573.489
569.499
758.886
914.326
798.36
573.241
562.264
755.492
910.684
794.494
577.528
562.165
753.658
920.124
798.335
578.643
576.661
756.904
916.779
785.053
584.491
565.064
757.846
915.961
796.576
576.239
556.069
760.695
922.875
794.791
579.039
561.124
752.32
918.638
803.365
589.471
564.122
769.071
915.392
798.261
583.177
569.227
760.001
918.712
793.528
588.331
563.428
766.048
916.383
791.223
583.524
562.859
749.991
909.568
791.075
569.945
552.972
750.66
912.369
784.087
579.114
547.669
750.536
909.42
789.959
577.652
553.12
747.711
910.312
788.993
571.308
545.885
752.246
910.485
782.526
563.726
559.142
752.964
904.885
787.159
580.427
549.131
746.522
914.053
787.705
573.167
554.458
751.899
901.813
784.657
573.241
553.319
746.596
906.62
782.476
561.843
543.927
740.129
904.167
791.818
566.08
549.701
748.306
904.191
773.159
568.83
552.327
749.198
897.377
789.315
562.041
550.345
744.688
901.094
777.743
574.133
546.43
748.925
903.844
778.958
564.296
545.687
747.265
907.933
771.623
562.859
543.01
747.86
899.682
781.807
566.823
549.602
735.966
894.057
781.535
572.374
558.2
745.357
899.384
781.634
561.644
555.995
749.842
904.935
780.147
574.678
560.356
750.511
904.489
779.924
565.213
543.531
752.097
907.66
781.014
568.756
555.078
749.396
905.604
771.127
565.188
554.409
746.497
901.193
777.842
570.639
550.816
734.182
920.298
785.326
568.83
544.026
748.182
901.342
775.018
573.216
545.835
745.778
905.802
781.857
569.871
565.931
766.072
922.652
807.652
598.07
584.788
783.319
933.059
801.531
566.699
555.177
747.315
908.33
778.239
566.03
547.57
739.113
894.627
780.048
573.885
553.319
757.4
906.62
778.685
566.551
560.058
754.501
905.529
777.694
570.144
550.37
749.594
910.659
787.779
577.082
554.458
750.908
911.501
785.97
571.135
546.331
755.244
905.133
783.542
568.929
551.51
749.173
903.82
775.934
564.172
538.377
754.426
908.181
776.133
566.204
550.94
746.745
893.71
