881.32
686.135
767.609
969.014
1055.443
883.104
689.827
767.435
972.334
1048.703
878.842
686.482
768.897
971.392
1051.107
876.736
692.429
771.821
974.193
1051.95
887.143
690.546
774.596
975.308
1052.049
884.938
690.248
775.736
976.571
1057.227
886.053
695.13
774.15
975.382
1050.066
876.984
688.588
770.731
976.274
1049.348
884.269
693.147
776.827
978.232
1059.061
874.481
691.066
772.54
970.723
1049.075
877.405
686.482
772.069
971.615
1048.381
873.787
685.292
772.118
971.615
1052.024
875.918
685.491
771.326
968.295
1052.916
883.848
700.085
791.372
996.568
1070.881
898.591
704.174
780.89
974.837
1048.034
879.586
681.526
767.435
972.458
1045.011
870.244
685.738
765.329
971.145
1043.326
870.789
683.087
774.15
970.228
1047.811
873.143
683.657
772.044
973.003
1047.365
868.98
682.765
772.837
972.755
1045.259
867.692
685.02
774.894
974.862
1047.91
871.929
682.121
771.772
970.674
1048.332
874.853
689.43
778.412
976.993
1045.606
874.407
689.802
774.373
974.713
1048.208
870.467
685.887
776.281
978.653
1049.794
872.672
684.425
776.455
981.527
1047.787
874.952
689.059
777.322
980.338
1053.758
873.267
690.372
775.761
981.255
1047.564
870.517
686.283
771.35
974.341
1041.245
866.428
676.471
771.449
974.614
1043.079
868.881
681.675
772.292
979.495
1043.103
864.495
679.544
772.936
974.911
1040.279
868.386
682.244
777.322
979.421
1043.723
864.669
685.243
776.034
978.653
1046.845
866.453
679.593
777.818
979.619
1042.013
869.104
686.457
775.513
980.338
1051.974
875.794
689.406
774.2
983.832
1043.599
873.019
689.579
782.526
980.809
1049.62
871.954
684.549
781.386
984.228
1046.25
870.963
687.745
780.965
982.915
1049.744
870.566
687.671
783.517
985.046
1048.852
868.386
685.466
774.671
978.43
1045.011
863.95
683.483
779.651
979.867
1046.895
867.122
686.581
780.543
982.345
1049.174
868.163
683.186
782.055
985.963
1049.149
866.527
684.623
783.319
984.674
1044.318
866.874
686.135
786.441
984.996
1046.647
867.939
688.191
787.705
985.814
1042.112
864.669
687.374
778.759
978.033
1041.171
857.805
683.558
781.435
985.616
1044.318
860.01
681.006
781.089
985.071
1043.847
863.207
683.434
789.662
996.94
1060.548
885.657
701.969
809.064
1012.476
1068.452
882.361
695.625
785.574
990.299
1044.218
868.856
686.878
789.34
993.049
1049.05
866.453
686.234
784.384
992.901
1048.852
864.247
686.16
786.565
990.002
1044.417
866.403
688.464
780.965
990.299
1042.781
863.554
686.209
789.414
991.191
1045.829
862.29
685.515
789.489
996.865
1051.528
871.681
693.073
790.975
994.363
1050.19
868.039
686.011
787.184
996.196
1051.033
870.69
691.239
792.983
998.699
1049.125
868.509
694.114
794.791
995.651
1047.588
863.628
684.747
793.85
996.717
1049.818
869.624
690.992
796.03
997.485
1047.241
866.899
683.137
787.754
993.124
1045.482
863.9
691.016
792.66
992.826
1045.061
867.295
686.531
787.159
991.86
1043.698
862.835
683.706
786.738
992.653
1035.67
861.224
686.383
791.273
993.198
1041.394
859.911
680.237
781.634
988.465
1036.686
859.861
682.195
792.437
996.717
1040.328
858.102
682.542
788.597
990.299
1040.328
860.605
685.813
790.406
995.775
1041.146
860.184
685.937
788.299
993.917
1042.657
855.5
682.393
788.869
990.72
1039.832
856.566
682.914
787.457
992.975
1042.162
857.384
680.213
789.761
993.049
1041.047
858.375
681.798
793.057
992.802
1040.551
856.913
686.358
791.843
996.023
1045.135
859.49
685.193
794.593
993.099
1041.691
860.605
686.16
791.744
996.023
1042.781
857.706
685.367
792.016
998.922
1038.99
857.879
684.846
797.368
1001.846
1043.574
859.118
689.43
794.593
990.349
1038.841
845.886
682.914
790.777
997.683
1042.732
853.964
680.708
790.331
993.718
1037.949
852.477
679.345
791.57
992.603
1039.733
852.254
685.763
793.751
997.064
1041.641
854.707
683.607
795.832
1000.235
1040.179
856.145
686.036
795.46
1003.903
1044.293
865.486
693.692
795.114
1001.846
1047.018
860.778
685.862
797.666
1001.722
1041.74
857.012
685.689
793.329
999.319
1042.509
857.334
681.6
796.576
1000.235
1037.132
852.651
681.501
793.652
997.584
1038.222
850.495
683.607
794.841
1006.554
1051.652
871.681
702.489
819.199
1023.652
1060.895
872.672
696.269
799.202
1002.49
1042.856
854.707
682.79
795.609
1002.391
1041.394
858.4
682.443
796.129
1003.382
1040.799
848.463
686.011
795.386
1005.835
1040.204
857.21
684.078
796.724
1004.051
1044.664
858.053
683.508
799.227
999.12
1040.155
854.782
685.54
797.071
1002.267
1040.303
855.798
683.731
795.188
999.517
1038.965
856.987
683.905
799.202
1008.536
1041.171
855.599
686.383
797.344
1002.218
1039.709
854.683
688.365
804.753
1008.561
1044.417
858.4
685.714
802.2
1005.389
1043.202
860.01
695.179
808.965
1010.221
1040.477
850.569
687.795
800.243
1003.556
1041.468
855.946
682.914
796.6
1004.151
1036.487
849.652
678.602
799.053
1003.927
1041.022
854.038
685.02
800.887
1009.106
1043.079
853.345
685.466
798.484
1006.158
1043.326
860.357
689.183
805.149
1008.338
1039.535
849.677
687.522
803.34
1008.338
1036.363
846.828
683.607
794.172
1006.009
1037.751
852.899
686.16
798.211
1004.646
1038.519
850.842
683.384
800.069
1006.232
1038.247
848.042
689.802
801.903
1008.561
1043.525
851.858
684.896
799.846
1007.694
1039.709
852.056
686.333
799.227
1006.752
1040.179
850.445
683.607
799.549
1008.809
1036.091
847.819
681.774
802.473
1007.669
1034.356
852.477
680.237
797.938
1003.878
1031.953
851.808
683.186
799.599
1006.356
1035.001
846.059
683.508
795.064
1008.487
1035.917
850.049
680.163
805.323
1010.469
1039.386
850.941
682.046
801.606
1006.579
1032.176
849.38
682.368
799.128
1004.869
1038.519
851.585
684.029
801.432
1007.446
1036.116
846.01
683.731
800.615
1008.759
1034.084
847.967
679.767
804.802
1009.255
1037.85
849.578
682.889
798.707
1007.818
1036.165
850.891
684.524
804.108
1012.105
1038.817
853.766
686.16
806.264
1010.345
1039.386
849.752
682.517
801.16
1010.593
1036.363
852.477
684.4
807.454
1010.99
1037.726
849.157
684.945
806.339
1011.386
1033.96
848.488
680.188
801.432
1009.701
1037.305
847.249
674.86
797.269
1003.283
1034.431
843.482
681.575
800.392
1005.117
1030.912
844.92
678.379
797.591
1004.374
1031.259
843.953
678.106
797.641
1010.667
1036.71
859.688
695.923
823.882
1032.572
1057.475
867.493
697.459
815.755
1018.77
1039.684
850.594
682.938
804.976
1006.282
1033.415
848.067
681.253
804.084
1009.28
1031.829
843.507
682.344
802.374
1013.814
1033.712
842.343
681.526
801.432
1010.544
1034.431
845.688
683.756
797.022
1006.207
1027.468
838.081
677.735
799.797
1004.027
1031.779
842.838
684.623
806.76
1010.965
1033.786
842.764
683.087
808.47
1012.724
1030.416
844.251
679.321
802.052
1009.205
1032.993
841.872
677.041
804.753
1008.982
1027.691
841.451
679.147
801.531
1009.156
1031.581
845.118
683.384
804.579
1008.536
1032.002
845.167
677.883
802.845
1009.428
1031.507
845.217
683.731
805.744
1007.322
1030.07
838.75
675.926
798.459
1009.255
1028.855
838.551
672.209
802.225
1006.331
1025.733
839.22
675.975
798.731
1005.786
1024.469
835.033
674.563
795.386
1008.19
1027.542
837.56
681.303
805.521
1008.982
1027.963
836.495
676.025
801.903
1006.43
1026.749
841.921
679.395
804.48
1008.933
1031.135
838.725
675.505
801.184
1009.354
1029.97
840.459
679.866
802.275
1016.342
1031.358
841.128
676.223
804.108
1010.593
1028.731
839.344
678.057
805.917
1009.676
1030.392
843.136
678.205
801.68
1012.501
1030.144
841.203
681.154
807.231
1011.287
1026.873
839.766
681.972
804.307
1015.252
1033.762
844.3
685.094
806.14
1013.269
1031.408
843.482
680.51
802.572
1014.384
1032.721
842.789
677.512
811.567
1011.832
1029.747
843.705
676.719
806.884
1013.393
1030.912
843.359
681.055
808.098
1014.31
1023.553
840.112
680.064
806.636
1015.549
1031.259
842.095
682.121
807.577
1015.896
1031.457
840.088
677.685
803.216
1018.77
1027.269
843.681
677.71
803.984
1011.188
1030.838
838.849
680.609
806.264
1016.738
1028.88
840.633
684.227
807.726
1013.666
1029.648
838.006
681.774
808.569
1014.409
1032.77
842.02
682.864
807.008
1015.078
1028.979
840.782
680.51
807.751
1014.929
1027.492
836.197
676.669
802.101
1017.16
1029.723
835.38
675.034
803.761
1013.715
1026.675
838.75
682.938
806.636
1015.053
1026.625
837.065
681.699
809.956
1018.522
1037.751
853.047
699.54
831.663
1041.022
1055.567
859.143
696.344
821.528
1023.924
1030.937
843.879
687.2
809.857
1018.894
1030.416
842.69
682.691
810.179
1019.414
1029.45
838.403
681.03
810.625
1017.184
1024.618
835.603
679.519
806.115
1016.961
1031.705
843.061
688.34
812.36
1018.151
1031.234
838.13
683.062
812.583
1021.521
1032.622
843.507
681.501
811.666
1021.496
1028.657
843.21
688.092
814.788
1025.238
1033.935
845.217
683.657
817.588
1024.42
1036.661
846.059
686.903
817.514
1022.561
1031.16
842.937
687.671
819.967
1027.22
1039.486
847.819
689.629
819.1
1022.19
1037.503
848.141
688.861
817.613
1028.186
1033.96
843.012
690.174
813.599
1025.386
1032.349
841.327
682.839
812.459
1022.016
1027.369
839.097
678.106
810.402
1018.671
1026.501
837.263
681.476
809.411
1019.068
1024.593
836.941
681.105
811.468
1024.494
1027.492
840.236
681.699
813.648
1022.289
1029.574
841.327
683.607
814.441
1019.439
1031.73
842.665
687.448
820.289
1026.006
1033.687
844.622
683.583
813.524
1022.611
1027.889
832.778
676.595
811.146
1015.871
1025.981
833.992
680.386
807.057
1018.968
1019.018
833.001
673.919
807.107
1015.722
1022.784
833.125
680.584
807.181
1015.128
1020.827
832.58
678.602
811.294
1015.45
1025.584
831.192
673.473
805.199
1015.871
1019.563
830.424
680.361
811.096
1020.43
1022.115
833.249
677.536
809.337
1017.333
1023.28
828.144
675.108
809.882
1015.648
1026.08
830.151
674.86
806.983
1015.351
1021.669
827.599
670.821
807.33
1012.154
1022.884
832.109
678.974
805.05
1016.862
1024.271
835.454
679.345
809.783
1018.423
1024.246
833.719
674.538
807.404
1016.367
1023.553
830.573
679.643
811.22
1016.491
1024.915
831.019
679.544
807.503
1015.425
1021.347
829.185
672.729
811.369
1016.193
1021.545
833.174
679.618
810.724
1018.176
1017.779
822.47
670.499
801.284
1013.963
1019.588
836.073
678.429
819.868
1027.815
1032.498
843.061
686.482
818.332
1020.678
1020.554
830.82
675.802
800.416
1012.6
1017.754
828.739
676.57
811.245
1014.929
1018.052
822.643
679.048
810.229
1017.779
1020.232
827.376
674.836
806.438
1016.837
1020.232
832.753
676.892
812.459
1012.328
1018.473
829.284
675.628
803.241
1012.328
1020.827
831.564
674.266
813.624
1019.687
1017.407
830.027
673.448
810.477
1016.416
1021.744
830.003
674.216
806.215
1017.036
1019.266
828.02
673.175
808.123
1012.452
1017.804
831.217
673.968
813.376
1017.085
1020.926
