877.232
655.756
649.734
854.707
1014.756
883.6
656.276
649.14
855.723
1014.335
883.798
652.41
647.033
855.699
1010.99
880.205
650.453
642.92
850.966
1009.305
875.175
646.909
640.938
845.663
1007.372
875.398
645.621
645.423
850.891
1013.368
882.064
657.143
651.494
859.911
1020.901
893.883
660.563
657.441
861.15
1024.172
885.235
657.713
650.478
853.617
1015.574
880.428
653.748
646.612
849.008
1009.627
867.32
641.83
638.088
847.769
1007.719
871.285
648.495
643.49
856.516
1025.956
894.726
676.05
668.641
880.849
1034.802
900.871
663.189
652.088
855.203
1012.699
878.074
652.361
648.024
858.3
1011.956
877.95
651.816
648.421
857.136
1015.623
881.766
653.823
655.607
860.431
1017.234
884.195
653.748
649.833
858.87
1016.144
879.462
654.095
649.759
859.143
1015.276
879.685
656.325
658.357
861.249
1019.489
880.453
656.202
654.368
861.769
1015.326
879.858
653.55
652.559
858.449
1012.179
877.43
654.492
657.49
861.423
1015.747
883.501
656.078
660.984
864.173
1019.266
885.78
659.745
654.764
860.555
1017.729
880.651
656.425
660.786
867.122
1021.347
889.076
661.504
657.441
867.915
1021.347
889.819
661.257
659.844
867.642
1019.761
885.384
654.963
659.324
862.389
1016.515
886.4
660.141
657.639
867.915
1023.429
882.708
653.6
655.384
863.752
1021.942
883.402
658.382
662
867.27
1022.016
883.179
656.821
661.157
867.593
1020.703
891.133
658.382
663.759
868.584
1021.322
883.303
654.095
659.993
866.701
1022.933
880.478
656.598
657.589
863.603
1015.45
883.228
656.697
657.416
862.81
1016.639
875.993
650.453
654.764
863.38
1017.06
878.966
653.798
653.055
863.256
1016.367
880.379
652.782
654.095
868.088
1018.993
880.18
654.665
657.366
866.255
1014.483
873.614
651.246
653.872
863.603
1017.06
877.653
653.253
658.382
869.872
1020.728
876.538
651.072
654.764
861.992
1017.655
875.671
646.265
655.855
859.069
1012.476
869.575
644.308
649.016
857.73
1012.08
875.026
646.587
651.097
860.704
1012.129
870.566
646.984
658.407
863.43
1013.814
875.695
645.175
650.18
858.449
1014.186
874.209
641.854
651.692
859.837
1011.832
876.042
648.966
660.29
865.685
1017.606
879.387
652.163
658.357
868.237
1015.053
876.265
650.23
659.002
869.922
1021.05
878.347
645.67
656.4
860.977
1012.229
867.196
637.766
648.669
861.546
1012.229
873.168
644.803
653.055
861.2
1008.115
870.145
642.846
653.327
864.57
1015.698
878.495
660.092
672.432
886.003
1041.22
901.193
673.795
676.149
880.428
1022.586
871.136
642.97
655.21
861.2
1012.675
866.948
638.038
648.247
856.368
1007.397
865.288
635.189
647.925
859.44
1010.494
869.699
638.385
648.669
855.798
1006.282
865.585
642.846
654.071
860.729
1012.947
870.492
643.316
657.242
864.743
1018.052
869.104
647.108
658.704
866.701
1012.699
870.814
644.382
657.366
866.75
1012.129
872.821
645.447
659.398
866.131
1010.048
871.607
651.766
658.63
865.139
1018.299
875.373
647.702
659.993
865.908
1016.317
874.432
643.738
660.117
866.428
1020.406
875.348
652.782
663.313
873.639
1020.282
872.251
642.053
665.32
871.136
1018.225
876.885
647.281
660.117
865.932
1012.848
871.805
642.375
653.773
861.646
1004.423
866.18
639.327
653.55
864.52
1013.517
869.6
641.483
657.564
869.748
1014.137
872.598
643.267
657.713
869.154
1015.747
875.894
646.216
659.844
865.536
1016.317
868.658
643.738
654.021
864.867
1008.239
864.495
635.982
652.336
859.638
1003.704
863.157
633.454
646.414
856.64
1002.49
862.785
632.438
646.339
858.077
1005.191
857.854
631.026
647.727
857.73
1004.993
860.382
637.394
651.518
859.861
1006.306
863.331
636.725
652.906
864.545
1010.742
866.775
637.716
657.49
861.125
1007.867
861.844
633.182
649.635
857.284
1004.844
860.332
631.249
647.504
856.07
1003.927
857.458
629.589
649.809
858.573
1007
860.134
636.453
653.674
863.058
1008.487
861.224
638.485
652.361
858.375
1002.366
856.442
631.1
647.628
856.169
998.625
853.741
627.235
647.578
855.599
1002.788
857.086
625.129
647.281
855.302
1001.004
852.973
626.714
642.276
857.235
1005.464
862.538
632.389
651.84
858.697
1002.218
858.92
630.828
656.672
863.033
1010.94
856.343
631.323
651.072
859.242
1002.515
856.12
625.624
648.669
856.269
998.848
853.27
627.458
645.001
852.477
1000.112
852.824
629.044
644.605
853.914
995.106
850.173
624.261
647.702
863.157
1011.659
873.069
651.568
676.05
885.731
1032.77
880.453
647.207
656.375
861.67
1004.423
855.302
623.617
650.428
856.095
1001.524
852.775
623.245
645.348
853.89
992.975
849.157
625.872
649.065
853.964
1002.49
857.929
631.522
651.469
855.822
999.69
850.792
624.286
649.784
857.631
998.129
853.89
626.392
652.956
862.067
1005.464
858.127
629.316
652.931
860.283
998.03
852.304
626.318
650.924
858.722
1001.078
857.631
629.391
656.003
860.977
1001.053
856.169
628.523
654.492
863.702
1004.051
857.136
631.571
653.996
861.72
1004.002
858.4
633.207
654.194
866.354
1001.821
855.079
632.414
653.228
859.911
1002.094
852.576
629.093
651.394
859.539
1003.432
856.566
629.638
654.591
861.497
1002.168
854.261
629.936
647.009
861.076
1002.267
853.939
626.516
651.171
858.846
1000.929
850.445
627.037
647.851
858.746
998.129
849.776
625.872
650.651
856.64
996.618
849.578
619.999
644.927
855.5
998.303
850.991
624.93
650.304
861.026
1004.076
858.771
627.408
652.881
863.677
1003.556
854.435
625.599
649.189
859.415
1001.103
850.693
622.923
650.948
862.092
1002.366
854.014
624.137
648.694
858.821
1001.227
852.552
624.113
648.768
857.161
1002.614
849.727
622.651
650.948
864.495
1003.729
850.52
630.109
652.361
859.837
993.966
850.569
623.716
650.255
860.506
996.543
848.463
621.61
650.329
860.258
997.311
850.222
622.056
651.964
864.371
998.848
851.461
622.056
654.442
861.546
1004.448
855.005
625.921
650.478
860.01
995.478
849.058
621.436
647.95
860.258
993.421
844.647
617.868
648.272
857.284
997.435
844.399
619.033
648.471
852.254
993.867
847.967
624.757
652.237
858.102
1002.565
852.775
624.583
651.84
864.074
999.418
849.975
622.155
656.078
863.454
1000.235
850.693
627.284
661.628
870.219
1002.689
854.038
627.805
659.101
865.759
1002.218
850.842
624.658
654.764
863.083
1003.407
852.279
627.953
658.655
868.435
1008.487
863.9
642.994
679.321
893.313
1031.928
884.294
656.003
681.055
878.842
1011.262
851.635
625.971
655.087
864.123
1002.391
848.711
622.948
659.943
864.099
1000.781
849.033
622.7
655.26
864.916
1001.301
846.629
624.93
655.83
865.709
1001.4
852.453
623.667
654.071
863.38
1002.887
849.429
624.137
654.616
864.47
1001.821
850.991
624.93
661.876
869.079
1003.754
846.084
624.088
657.589
863.9
1001.053
847.026
623.369
661.108
865.808
1004.027
852.205
625.698
657.911
867.072
1001.227
845.886
618.141
658.159
865.486
1000.929
847.521
623.914
658.903
873.862
1001.474
849.752
622.998
666.212
866.527
1001.4
846.382
622.527
658.878
871.83
1001.425
842.045
620.867
651.32
860.58
993.198
838.601
613.854
651.394
860.109
996.395
839.518
615.712
656.301
864.421
992.727
844.573
618.612
654.541
863.157
999.021
842.293
618.562
657.465
863.231
1000.781
843.755
619.727
655.433
863.355
998.228
840.757
618.785
653.327
864.867
994.611
843.631
620.024
661.232
867.097
1004.448
843.557
620.569
660.934
869.253
999.814
844.226
623.914
657.837
866.998
1000.136
844.399
622.105
661.009
869.302
1000.582
842.863
616.233
655.533
863.851
992.356
835.727
610.335
656.524
870.863
1000.26
845.713
623.072
662.396
871.508
1000.855
843.557
620.445
657.887
871.062
999.616
840.484
617.075
660.389
866.998
1000.384
840.459
617.769
667.278
874.035
1002.342
845.316
620.396
663.784
873.044
1004.25
844.821
621.635
661.603
870.442
1000.012
846.704
622.998
666.683
870.046
998.972
840.608
618.835
660.984
871.458
1002.54
842.268
620.148
663.115
871.83
996.766
840.187
617.199
660.439
869.971
998.575
842.714
618.116
660.166
873.341
999.145
840.013
618.091
658.258
869.996
997.088
837.288
615.093
660.34
875.002
1004.398
848.364
633.677
684.351
900.747
1030.293
870.194
649.239
684.103
888.035
1005.216
840.484
616.728
660.166
868.361
996.692
835.826
612.937
658.977
866.973
993.669
831.985
608.626
656.598
868.46
995.676
833.893
609.964
661.554
868.336
995.899
837.758
619.355
663.388
871.532
996.816
837.833
609.939
660.835
870.294
995.899
834.859
614.622
663.09
875.249
1000.062
839.741
620.817
666.956
874.407
999.864
836.321
615.143
663.685
874.06
1000.533
840.509
616.258
668.839
878.099
996.89
832.555
612.442
667.798
878.446
1002.961
836.396
617.62
663.586
875.2
1000.012
837.635
619.429
667.104
874.779
997.113
833.298
617.62
668.69
878.743
1002.639
840.732
615.465
662.867
871.731
993.297
829.482
607.907
657.143
869.178
990.844
835.85
612.813
660.488
870.591
990.299
832.654
607.461
662.991
871.309
996.494
833.893
609.592
660.588
872.251
997.088
829.259
613.383
662.892
875.894
995.899
833.298
614.498
664.602
870.64
994.858
830.672
608.353
663.586
871.26
991.389
826.558
605.28
663.858
872.425
990.894
828.937
606.247
665.519
875.596
997.807
830.201
610.484
660.86
872.92
993.52
829.185
607.288
660.141
877.033
997.212
830.771
610.831
665.37
875.571
997.039
831.266
610.36
665.94
875.398
990.572
829.309
613.259
668.467
878.372
994.288
830.449
614.771
666.584
879.982
1002.54
830.523
613.507
671.243
883.402
998.501
826.732
610.856
667.749
879.635
995.602
833.224
613.309
667.08
876.959
994.561
829.433
612.07
672.333
879.164
993.421
831.192
613.953
669.359
876.241
995.899
827.574
607.932
665.097
872.152
989.01
825.047
604.388
659.274
870.665
986.111
820.537
604.364
660.389
873.267
992.975
826.657
608.254
666.584
875.819
993.818
831.886
616.109
684.053
898.74
1018.176
851.982
630.952
687.027
886.573
997.485
821.652
606.891
664.8
873.094
994.462
819.1
602.381
662.025
876.117
988.713
819.794
607.015
667.427
874.952
988.887
822.42
602.282
666.906
878.372
989.952
822.197
604.537
666.485
875.373
996.395
823.337
604.091
669.533
881.741
994.611
824.7
608.006
666.881
880.874
991.81
822.073
602.505
667.352
880.106
993.694
827.401
608.551
670.896
881.246
988.267
819.967
602.233
666.683
875.77
985.071
823.164
604.463
670.772
882.336
991.959
827.673
607.238
666.435
882.163
995.478
818.579
605.652
672.952
885.557
993.322
820.041
604.909
664.428
882.782
989.853
817.464
600.548
667.972
875.522
982.419
814.565
595.988
660.141
871.731
980.561
811.567
589.694
658.035
867.147
983.435
811.839
595.245
663.065
873.118
977.934
